Time,Outside,Flow,Return,Room,RollingAvgOutside,SlabTarget,SlabTrigger,SlabModelled,records_since_relay_change,heat_off_slab_temp,Call
2022-01-28 09:08:38,12.0,30.9,23.9,18.8,12.0,20.2,17.2,23.9,0,23.9,0
2022-01-28 09:14:24,10.7,29.6,24.0,18.8,11.4,20.5,17.5,23.7,1,23.9,0
2022-01-28 09:20:33,5.9,28.5,24.1,18.8,9.5,21.2,18.2,23.5,2,23.9,0
2022-01-28 09:26:25,5.9,27.8,24.1,18.8,8.6,21.6,18.6,23.4,3,23.9,0
2022-01-28 09:32:09,5.9,27.2,24.1,18.8,8.1,21.8,18.8,23.2,4,23.9,0
2022-01-28 09:37:38,5.9,27.0,24.1,18.8,7.7,21.9,18.9,23.0,5,23.9,0
2022-01-28 09:43:28,6.0,26.7,24.2,18.8,7.5,22.0,19.0,22.9,6,23.9,0
2022-01-28 09:50:14,6.1,26.3,24.2,18.8,7.3,22.1,19.1,22.7,7,23.9,0
2022-01-28 09:55:43,6.1,26.1,24.2,18.8,7.2,22.1,19.1,22.6,8,23.9,0
2022-01-28 10:01:12,6.1,26.0,24.1,18.8,7.1,22.2,19.2,22.4,9,23.9,0
2022-01-28 10:06:41,6.1,25.9,24.0,18.8,7.0,22.2,19.2,22.3,10,23.9,0
2022-01-28 10:12:09,6.1,25.7,23.9,18.8,6.9,22.2,19.2,22.1,11,23.9,0
2022-01-28 10:17:38,6.1,25.7,23.9,18.8,6.8,22.3,19.3,22.0,12,23.9,0
2022-01-28 10:23:07,6.4,25.7,23.8,18.8,6.8,22.3,19.3,21.8,13,23.9,0
2022-01-28 10:28:36,6.7,25.6,23.8,18.8,6.8,22.3,19.3,21.7,14,23.9,0
2022-01-28 10:34:04,6.7,25.5,23.8,18.8,6.8,22.3,19.3,21.5,15,23.9,0
2022-01-28 10:40:03,6.8,25.3,23.7,18.8,6.8,22.3,19.3,21.4,16,23.9,0
2022-01-28 10:45:31,6.8,25.2,23.6,18.8,6.8,22.3,19.3,21.3,17,23.9,0
2022-01-28 10:51:00,6.8,25.2,23.6,18.8,6.8,22.3,19.3,21.1,18,23.9,0
2022-01-28 10:56:42,6.8,25.2,23.6,18.8,6.8,22.3,19.3,21.0,19,23.9,0
2022-01-28 11:02:45,6.8,25.2,23.5,18.8,6.8,22.3,19.3,20.9,20,23.9,0
2022-01-28 11:08:55,6.9,25.1,23.4,18.8,6.8,22.3,19.3,20.7,21,23.9,0
2022-01-28 11:14:54,6.9,24.8,23.3,18.8,6.8,22.3,19.3,20.6,22,23.9,0
2022-01-28 11:20:11,7.0,24.5,23.1,18.8,6.8,22.3,19.3,20.5,23,23.9,0
2022-01-28 11:25:28,7.1,24.1,22.9,18.8,6.8,22.3,19.3,20.3,24,23.9,0
2022-01-28 11:30:45,7.1,23.8,22.8,18.8,6.8,22.3,19.3,20.2,25,23.9,0
2022-01-28 11:36:06,7.2,23.5,22.6,18.8,6.8,22.3,19.3,20.1,26,23.9,0
2022-01-28 11:41:23,7.2,23.3,22.5,18.8,6.9,22.3,19.3,20.0,27,23.9,0
2022-01-28 11:46:42,7.2,23.1,22.4,18.8,6.9,22.3,19.3,19.9,28,23.9,0
2022-01-28 11:51:59,7.2,22.9,22.3,18.8,6.9,22.2,19.2,19.8,29,23.9,0
2022-01-28 11:57:15,7.1,22.7,22.1,18.8,6.9,22.2,19.2,19.7,30,23.9,0
2022-01-28 12:02:30,7.1,22.6,22.0,18.8,6.9,22.2,19.2,19.5,31,23.9,0
2022-01-28 12:07:46,7.1,22.4,21.9,18.8,6.9,22.2,19.2,19.4,32,23.9,0
2022-01-28 12:13:01,7.3,22.2,21.7,18.8,6.9,22.2,19.2,19.3,33,23.9,0
2022-01-28 12:18:18,7.5,22.0,21.6,18.8,6.9,22.2,19.2,19.2,-1,23.9,1
2022-01-28 12:23:33,7.6,22.3,21.6,18.8,6.9,22.2,19.2,23.9,0,23.9,1
2022-01-28 12:28:47,7.6,24.1,21.0,18.8,7.0,22.2,19.2,23.7,1,23.9,1
2022-01-28 12:34:02,7.6,30.2,21.1,18.8,7.0,22.2,19.2,23.5,2,23.9,1
2022-01-28 12:39:16,7.6,33.2,21.5,18.7,7.0,22.2,19.2,23.4,3,23.9,1
2022-01-28 12:44:31,7.6,34.9,21.7,18.7,7.0,22.2,19.2,23.2,4,23.9,1
2022-01-28 12:49:45,7.4,32.5,21.7,18.6,7.0,22.2,19.2,23.0,5,23.9,1
2022-01-28 12:55:00,7.5,35.1,21.7,18.6,7.0,22.2,19.2,22.9,6,23.9,1
2022-01-28 13:00:18,7.7,34.8,21.8,18.7,7.0,22.2,19.2,22.7,7,23.9,1
2022-01-28 13:05:33,7.7,35.6,22.0,18.7,7.1,22.2,19.2,22.6,8,23.9,1
2022-01-28 13:10:51,7.6,34.4,22.2,18.7,7.1,22.2,19.2,22.4,-1,22.2,0
2022-01-28 13:16:13,7.6,29.0,22.3,18.6,7.1,22.2,19.2,22.2,0,22.2,0
2022-01-28 13:21:28,7.6,31.8,22.2,18.6,7.1,22.2,19.2,22.1,1,22.2,0
2022-01-28 13:26:44,7.7,32.7,22.4,18.6,7.1,22.2,19.2,21.9,2,22.2,0
2022-01-28 13:31:58,7.9,30.9,22.5,18.6,7.1,22.2,19.2,21.7,3,22.2,0
2022-01-28 13:37:15,7.9,29.3,22.7,18.6,7.1,22.1,19.1,21.6,4,22.2,0
2022-01-28 13:42:50,7.9,27.8,22.8,18.6,7.2,22.1,19.1,21.4,5,22.2,0
2022-01-28 13:48:18,7.9,26.7,22.9,18.6,7.2,22.1,19.1,21.3,6,22.2,0
2022-01-28 13:53:41,7.9,25.9,23.1,18.6,7.2,22.1,19.1,21.1,7,22.2,0
2022-01-28 13:59:00,7.9,25.4,23.1,18.5,7.2,22.1,19.1,20.9,8,22.2,0
2022-01-28 14:04:23,7.9,25.1,23.2,18.5,7.2,22.1,19.1,20.8,9,22.2,0
2022-01-28 14:09:43,7.9,25.0,23.3,18.6,7.2,22.1,19.1,20.6,10,22.2,0
2022-01-28 14:15:00,8.0,25.2,23.4,18.6,7.2,22.1,19.1,20.5,11,22.2,0
2022-01-28 14:20:18,8.0,25.4,23.6,18.5,7.2,22.1,19.1,20.3,12,22.2,0
2022-01-28 14:25:34,8.1,25.6,23.7,18.5,7.3,22.1,19.1,20.2,13,22.2,0
2022-01-28 14:30:48,8.1,25.9,23.8,18.5,7.3,22.1,19.1,20.1,14,22.2,0
2022-01-28 14:36:02,8.1,26.2,23.8,18.5,7.3,22.1,19.1,19.9,15,22.2,0
2022-01-28 14:41:16,8.1,26.2,23.8,18.5,7.3,22.1,19.1,19.8,16,22.2,0
2022-01-28 14:46:31,8.1,26.2,23.8,18.5,7.3,22.1,19.1,19.6,17,22.2,0
2022-01-28 14:51:45,8.1,26.2,23.9,18.5,7.3,22.1,19.1,19.5,18,22.2,0
2022-01-28 14:56:59,8.1,26.1,24.0,18.5,7.3,22.1,19.1,19.4,19,22.2,0
2022-01-28 15:02:13,8.1,26.0,24.1,18.5,7.4,22.1,19.1,19.2,20,22.2,0
2022-01-28 15:07:28,8.1,26.1,24.1,18.5,7.4,22.1,19.1,19.1,21,22.2,0
2022-01-28 15:12:42,8.2,26.0,24.2,18.4,7.4,22.0,19.0,19.0,-1,24.2,0
2022-01-28 15:17:56,8.2,25.8,24.1,18.4,7.4,22.0,19.0,24.2,0,24.2,0
2022-01-28 15:23:10,8.2,25.8,24.1,18.4,7.4,22.0,19.0,24.0,1,24.2,0
2022-01-28 15:28:24,8.2,25.9,24.1,18.4,7.4,22.0,19.0,23.8,2,24.2,0
2022-01-28 15:33:38,8.2,26.0,24.1,18.4,7.4,22.0,19.0,23.7,3,24.2,0
2022-01-28 15:38:53,8.3,25.9,24.1,18.4,7.4,22.1,19.1,23.5,4,24.2,0
2022-01-28 15:44:07,8.3,25.8,24.1,18.4,7.3,22.1,19.1,23.4,5,24.2,0
2022-01-28 15:49:21,8.4,25.6,24.0,18.4,7.4,22.1,19.1,23.2,6,24.2,0
2022-01-28 15:54:35,8.2,25.4,24.0,18.4,7.4,22.0,19.0,23.0,7,24.2,0
2022-01-28 15:59:49,8.3,25.2,23.9,18.5,7.4,22.0,19.0,22.9,8,24.2,0
2022-01-28 16:05:04,8.4,24.9,23.7,18.4,7.5,22.0,19.0,22.7,9,24.2,0
2022-01-28 16:10:18,8.4,24.8,23.6,18.4,7.5,22.0,19.0,22.6,10,24.2,0
2022-01-28 16:15:32,8.4,24.8,23.6,18.4,7.5,22.0,19.0,22.4,11,24.2,0
2022-01-28 16:20:46,8.4,24.8,23.7,18.4,7.6,22.0,19.0,22.3,12,24.2,0
2022-01-28 16:26:01,8.5,24.8,23.7,18.4,7.6,22.0,19.0,22.1,13,24.2,0
2022-01-28 16:31:15,8.5,24.9,23.7,18.4,7.6,21.9,18.9,22.0,14,24.2,0
2022-01-28 16:36:29,8.6,25.0,23.7,18.4,7.7,21.9,18.9,21.8,15,24.2,0
2022-01-28 16:41:43,8.5,25.1,23.7,18.5,7.7,21.9,18.9,21.7,16,24.2,0
2022-01-28 16:46:57,8.4,25.3,23.7,18.5,7.7,21.9,18.9,21.6,17,24.2,0
2022-01-28 16:52:16,8.4,25.3,23.8,18.5,7.8,21.9,18.9,21.4,18,24.2,0
2022-01-28 16:57:30,8.5,25.3,23.8,18.5,7.8,21.9,18.9,21.3,19,24.2,0
2022-01-28 17:02:44,8.6,25.1,23.8,18.6,7.8,21.9,18.9,21.2,20,24.2,0
2022-01-28 17:07:59,8.6,25.1,23.8,18.6,7.8,21.9,18.9,21.0,21,24.2,0
2022-01-28 17:13:13,8.5,25.3,23.9,18.6,7.9,21.9,18.9,20.9,22,24.2,0
2022-01-28 17:18:27,8.6,25.6,24.0,18.7,7.9,21.8,18.8,20.8,23,24.2,0
2022-01-28 17:23:41,8.6,25.7,24.0,18.8,7.9,21.8,18.8,20.7,24,24.2,0
2022-01-28 17:28:55,8.7,25.7,24.0,18.8,7.9,21.8,18.8,20.5,25,24.2,0
2022-01-28 17:34:10,8.7,25.7,24.0,18.8,8.0,21.8,18.8,20.4,26,24.2,0
2022-01-28 17:39:24,8.8,25.6,23.9,18.8,8.0,21.8,18.8,20.3,27,24.2,0
2022-01-28 17:44:38,8.8,25.4,23.7,18.9,8.0,21.8,18.8,20.2,28,24.2,0
2022-01-28 17:49:52,8.9,25.3,23.6,18.9,8.0,21.8,18.8,20.1,29,24.2,0
2022-01-28 17:55:06,8.8,25.2,23.5,18.9,8.1,21.8,18.8,20.0,30,24.2,0
2022-01-28 18:00:20,8.8,25.2,23.5,18.9,8.1,21.8,18.8,19.9,31,24.2,0
2022-01-28 18:05:35,8.9,25.2,23.5,18.9,8.1,21.8,18.8,19.7,32,24.2,0
2022-01-28 18:10:49,8.9,25.1,23.5,18.9,8.1,21.8,18.8,19.6,33,24.2,0
2022-01-28 18:16:03,8.9,25.1,23.4,18.9,8.1,21.7,18.7,19.5,34,24.2,0
2022-01-28 18:21:17,8.9,25.1,23.3,19.0,8.2,21.7,18.7,19.4,35,24.2,0
2022-01-28 18:26:31,8.9,25.3,23.3,19.0,8.2,21.7,18.7,19.3,36,24.2,0
2022-01-28 18:31:46,8.9,25.5,23.3,19.0,8.2,21.7,18.7,19.2,37,24.2,0
2022-01-28 18:37:00,8.9,25.6,23.2,19.0,8.2,21.7,18.7,19.1,38,24.2,0
2022-01-28 18:42:14,9.0,25.6,23.2,19.0,8.3,21.7,18.7,19.1,39,24.2,0
2022-01-28 18:47:28,9.0,25.7,23.2,19.0,8.3,21.7,18.7,19.0,40,24.2,0
2022-01-28 18:52:43,9.0,25.7,23.1,18.9,8.3,21.7,18.7,18.9,41,24.2,0
2022-01-28 18:57:57,9.0,25.7,23.0,18.9,8.3,21.7,18.7,18.8,42,24.2,0
2022-01-28 19:03:11,9.1,25.6,23.0,18.9,8.3,21.7,18.7,18.7,43,24.2,0
2022-01-28 19:08:25,9.1,25.5,22.9,18.8,8.4,21.7,18.7,18.6,-1,22.9,0
2022-01-28 19:13:39,9.1,25.5,22.9,18.8,8.4,21.6,18.6,22.9,0,22.9,0
2022-01-28 19:18:55,9.1,25.4,22.9,18.8,8.4,21.6,18.6,22.8,1,22.9,0
2022-01-28 19:24:10,9.1,25.4,22.9,18.8,8.4,21.6,18.6,22.6,2,22.9,0
2022-01-28 19:29:24,9.1,25.4,22.8,18.8,8.4,21.6,18.6,22.4,3,22.9,0
2022-01-28 19:34:38,9.1,25.4,22.8,19.0,8.5,21.6,18.6,22.3,4,22.9,0
2022-01-28 19:39:52,9.0,25.5,22.7,19.1,8.5,21.6,18.6,22.1,5,22.9,0
2022-01-28 19:45:07,9.1,25.5,22.7,19.2,8.5,21.6,18.6,21.9,6,22.9,0
2022-01-28 19:50:21,9.1,25.6,22.7,19.2,8.5,21.6,18.6,21.8,7,22.9,0
2022-01-28 19:55:35,9.1,25.5,22.7,19.2,8.5,21.6,18.6,21.6,8,22.9,0
2022-01-28 20:00:49,9.1,25.3,22.7,19.2,8.6,21.6,18.6,21.5,9,22.9,0
2022-01-28 20:06:04,9.1,25.0,22.7,19.2,8.6,21.6,18.6,21.3,10,22.9,0
2022-01-28 20:11:18,9.1,24.8,22.7,19.3,8.6,21.6,18.6,21.2,11,22.9,0
2022-01-28 20:16:32,9.0,24.9,22.8,19.2,8.6,21.6,18.6,21.0,12,22.9,0
2022-01-28 20:21:46,9.0,24.9,22.9,19.1,8.6,21.6,18.6,20.9,13,22.9,0
2022-01-28 20:27:00,9.1,24.8,23.0,19.2,8.6,21.5,18.5,20.7,14,22.9,0
2022-01-28 20:32:14,9.1,24.9,23.0,19.2,8.6,21.5,18.5,20.6,15,22.9,0
2022-01-28 20:37:29,9.1,25.0,23.1,19.2,8.7,21.5,18.5,20.5,16,22.9,0
2022-01-28 20:42:43,9.1,25.1,23.2,19.2,8.7,21.5,18.5,20.3,17,22.9,0
2022-01-28 20:47:57,9.2,25.2,23.2,19.2,8.7,21.5,18.5,20.2,18,22.9,0
2022-01-28 20:53:11,9.2,25.2,23.2,19.4,8.7,21.5,18.5,20.0,19,22.9,0
2022-01-28 20:58:25,9.2,25.4,23.2,19.9,8.7,21.5,18.5,19.9,20,22.9,0
2022-01-28 21:03:39,9.1,25.4,23.2,20.8,8.7,21.5,18.5,19.8,21,22.9,0
2022-01-28 21:08:54,9.1,25.4,23.2,21.9,8.7,21.5,18.5,19.7,22,22.9,0
2022-01-28 21:14:08,9.2,25.4,23.2,23.2,8.8,21.5,18.5,19.5,23,22.9,0
2022-01-28 21:19:22,9.1,25.5,23.2,24.2,8.8,21.5,18.5,19.4,24,22.9,0
2022-01-28 21:24:36,9.1,25.6,23.2,24.3,8.8,21.5,18.5,19.3,25,22.9,0
2022-01-28 21:29:50,9.1,25.6,23.1,24.5,8.8,21.5,18.5,19.2,26,22.9,0
2022-01-28 21:35:05,9.1,25.8,23.1,24.7,8.8,21.5,18.5,19.1,27,22.9,0
2022-01-28 21:40:19,9.1,25.9,23.1,24.8,8.8,21.5,18.5,18.9,28,22.9,0
2022-01-28 21:45:33,9.1,25.9,23.1,24.7,8.8,21.5,18.5,18.8,29,22.9,0
2022-01-28 21:50:47,9.1,25.8,23.1,24.7,8.9,21.5,18.5,18.7,30,22.9,0
2022-01-28 21:56:01,9.1,25.8,23.1,24.6,8.9,21.5,18.5,18.6,31,22.9,0
2022-01-28 22:01:15,9.1,25.7,23.0,24.6,8.9,21.5,18.5,18.5,32,22.9,0
2022-01-28 22:06:29,9.0,25.7,23.0,24.4,8.9,21.4,18.4,18.4,-1,23.0,0
2022-01-28 22:11:44,9.0,25.7,22.9,24.3,8.9,21.4,18.4,23.0,0,23.0,0
2022-01-28 22:16:58,9.0,25.7,22.9,24.1,8.9,21.4,18.4,22.8,1,23.0,0
2022-01-28 22:22:12,9.0,25.5,22.9,24.0,8.9,21.4,18.4,22.6,2,23.0,0
2022-01-28 22:27:26,9.0,25.1,22.8,23.8,8.9,21.4,18.4,22.5,3,23.0,0
2022-01-28 22:32:40,8.9,24.8,22.6,23.6,8.9,21.4,18.4,22.3,4,23.0,0
2022-01-28 22:37:54,8.9,24.5,22.5,23.5,8.9,21.4,18.4,22.1,5,23.0,0
2022-01-28 22:43:09,8.9,24.4,22.5,23.3,8.9,21.4,18.4,22.0,6,23.0,0
2022-01-28 22:48:23,8.9,24.4,22.4,23.1,8.9,21.4,18.4,21.8,7,23.0,0
2022-01-28 22:53:37,8.9,24.4,22.4,22.9,8.9,21.4,18.4,21.7,8,23.0,0
2022-01-28 22:58:51,8.9,24.1,22.3,22.6,9.0,21.4,18.4,21.5,9,23.0,0
2022-01-28 23:04:05,8.9,23.8,22.1,22.4,9.0,21.4,18.4,21.4,10,23.0,0
2022-01-28 23:09:19,8.9,23.5,22.0,22.1,9.0,21.4,18.4,21.2,11,23.0,0
2022-01-28 23:14:34,8.9,23.3,21.9,21.8,9.0,21.4,18.4,21.1,12,23.0,0
2022-01-28 23:19:48,8.9,23.2,21.9,21.6,9.0,21.4,18.4,20.9,13,23.0,0
2022-01-28 23:25:02,8.9,23.2,21.8,21.4,9.0,21.4,18.4,20.8,14,23.0,0
2022-01-28 23:30:16,9.0,23.0,21.7,21.2,9.0,21.4,18.4,20.6,15,23.0,0
2022-01-28 23:35:30,9.1,22.8,21.6,21.0,9.0,21.4,18.4,20.5,16,23.0,0
2022-01-28 23:40:45,9.1,22.6,21.5,21.0,9.0,21.4,18.4,20.3,17,23.0,0
2022-01-28 23:45:59,9.1,22.4,21.4,20.9,9.0,21.4,18.4,20.2,18,23.0,0
2022-01-28 23:51:13,9.1,22.3,21.3,20.8,9.0,21.4,18.4,20.1,19,23.0,0
2022-01-28 23:56:27,9.1,22.2,21.3,20.7,9.0,21.4,18.4,19.9,20,23.0,0
2022-01-29 00:01:41,9.0,22.1,21.2,20.5,9.0,21.4,18.4,19.8,21,23.0,0
2022-01-29 00:06:55,8.8,22.0,21.1,20.5,9.0,21.4,18.4,19.7,22,23.0,0
2022-01-29 00:12:10,8.8,21.8,21.0,20.4,9.0,21.4,18.4,19.6,23,23.0,0
2022-01-29 00:17:24,8.9,21.6,20.9,20.3,9.0,21.4,18.4,19.4,24,23.0,0
2022-01-29 00:22:38,9.1,21.4,20.8,20.3,9.0,21.4,18.4,19.3,25,23.0,0
2022-01-29 00:27:52,9.1,21.3,20.8,20.2,9.0,21.4,18.4,19.2,26,23.0,0
2022-01-29 00:33:06,9.1,21.3,20.7,20.2,9.0,21.4,18.4,19.1,27,23.0,0
2022-01-29 00:38:21,9.1,21.2,20.7,20.1,9.0,21.4,18.4,19.0,28,23.0,0
2022-01-29 00:43:35,9.1,21.2,20.6,20.0,9.0,21.4,18.4,18.9,29,23.0,0
2022-01-29 00:48:49,9.2,21.0,20.5,20.0,9.0,21.4,18.4,18.7,30,23.0,0
2022-01-29 00:54:03,9.2,20.9,20.4,19.9,9.0,21.4,18.4,18.6,31,23.0,0
2022-01-29 00:59:17,9.2,20.8,20.3,19.9,9.0,21.4,18.4,18.5,32,23.0,0
2022-01-29 01:04:31,9.2,20.7,20.3,19.8,9.0,21.4,18.4,18.4,33,23.0,0
2022-01-29 01:09:46,9.2,20.6,20.2,19.8,9.1,21.4,18.4,18.3,-1,23.0,1
2022-01-29 01:15:00,9.2,20.7,20.0,19.8,9.1,21.4,18.4,23.0,0,23.0,1
2022-01-29 01:20:14,9.2,26.7,19.5,19.7,9.1,21.4,18.4,22.8,1,23.0,1
2022-01-29 01:25:28,9.2,29.1,19.8,19.6,9.1,21.4,18.4,22.6,2,23.0,1
2022-01-29 01:30:42,9.2,27.3,19.8,19.6,9.1,21.4,18.4,22.5,3,23.0,1
2022-01-29 01:35:56,9.2,27.6,19.8,19.6,9.1,21.4,18.4,22.3,4,23.0,1
2022-01-29 01:41:10,9.2,33.5,20.1,19.5,9.1,21.4,18.4,22.1,5,23.0,1
2022-01-29 01:46:25,9.2,31.7,20.3,19.4,9.1,21.4,18.4,22.0,6,23.0,1
2022-01-29 01:51:39,9.2,35.5,20.5,19.4,9.1,21.4,18.4,21.8,7,23.0,1
2022-01-29 01:56:53,9.2,33.4,20.6,19.4,9.1,21.4,18.4,21.7,8,23.0,1
2022-01-29 02:02:07,9.3,29.4,20.5,19.4,9.1,21.4,18.4,21.5,9,23.0,1
2022-01-29 02:07:21,9.4,29.9,20.5,19.3,9.1,21.4,18.4,21.4,10,23.0,1
2022-01-29 02:12:36,9.4,31.1,20.4,19.3,9.1,21.4,18.4,21.2,11,23.0,1
2022-01-29 02:17:50,9.4,30.8,20.6,19.2,9.1,21.4,18.4,21.1,12,23.0,1
2022-01-29 02:23:04,9.5,34.3,20.8,19.2,9.1,21.4,18.4,20.9,13,23.0,1
2022-01-29 02:28:18,9.5,32.2,20.9,19.2,9.1,21.4,18.4,20.8,14,23.0,1
2022-01-29 02:33:32,9.5,33.9,21.0,19.1,9.1,21.4,18.4,20.6,15,23.0,1
2022-01-29 02:38:46,9.6,32.0,21.0,19.1,9.1,21.4,18.4,20.5,16,23.0,1
2022-01-29 02:44:00,9.6,31.0,20.8,19.1,9.1,21.4,18.4,20.3,17,23.0,1
2022-01-29 02:49:15,9.6,30.5,20.7,19.1,9.1,21.4,18.4,20.2,18,23.0,1
2022-01-29 02:54:29,9.5,32.7,20.8,19.1,9.1,21.3,18.3,20.1,19,23.0,1
2022-01-29 02:59:43,9.5,31.5,21.0,19.1,9.1,21.3,18.3,19.9,20,23.0,1
2022-01-29 03:04:57,9.5,33.4,21.0,19.1,9.1,21.3,18.3,19.8,21,23.0,1
2022-01-29 03:10:11,9.4,35.3,21.1,19.1,9.1,21.3,18.3,19.7,22,23.0,1
2022-01-29 03:15:25,9.4,33.0,21.2,19.0,9.1,21.3,18.3,19.6,23,23.0,1
2022-01-29 03:20:40,9.5,33.1,21.2,19.0,9.2,21.3,18.3,19.4,24,23.0,1
2022-01-29 03:25:54,9.4,32.4,20.9,19.0,9.2,21.3,18.3,19.3,25,23.0,1
2022-01-29 03:31:08,9.3,32.2,20.9,19.0,9.2,21.3,18.3,19.2,26,23.0,1
2022-01-29 03:36:22,9.4,31.4,21.1,19.0,9.2,21.3,18.3,19.1,27,23.0,1
2022-01-29 03:41:36,9.4,35.7,21.3,19.0,9.2,21.3,18.3,19.0,28,23.0,1
2022-01-29 03:46:51,9.4,36.6,21.5,19.0,9.2,21.3,18.3,18.9,-1,21.5,0
2022-01-29 03:52:05,9.4,36.0,21.5,19.0,9.2,21.3,18.3,21.5,0,21.5,0
2022-01-29 03:57:19,9.4,31.4,21.6,19.0,9.2,21.3,18.3,21.3,1,21.5,0
2022-01-29 04:02:33,9.4,29.1,21.5,19.0,9.2,21.3,18.3,21.1,2,21.5,0
2022-01-29 04:07:47,9.4,27.6,21.5,19.0,9.2,21.3,18.3,21.0,3,21.5,0
2022-01-29 04:13:02,9.3,26.2,21.4,19.0,9.2,21.3,18.3,20.8,4,21.5,0
2022-01-29 04:18:16,9.3,25.0,21.3,19.0,9.2,21.3,18.3,20.6,5,21.5,0
2022-01-29 04:23:30,9.3,24.1,21.2,19.0,9.2,21.3,18.3,20.5,6,21.5,0
2022-01-29 04:28:44,9.4,23.5,21.1,19.0,9.2,21.3,18.3,20.3,7,21.5,0
2022-01-29 04:33:58,9.3,23.0,21.0,19.0,9.2,21.3,18.3,20.2,8,21.5,0
2022-01-29 04:39:13,9.2,22.6,20.8,19.0,9.2,21.3,18.3,20.0,9,21.5,0
2022-01-29 04:44:27,9.2,22.2,20.6,19.0,9.2,21.3,18.3,19.9,10,21.5,0
2022-01-29 04:49:41,9.2,21.8,20.5,19.0,9.2,21.3,18.3,19.7,11,21.5,0
2022-01-29 04:54:55,9.2,21.4,20.3,18.9,9.2,21.3,18.3,19.6,12,21.5,0
2022-01-29 05:00:09,9.3,21.2,20.2,18.9,9.2,21.3,18.3,19.4,13,21.5,0
2022-01-29 05:05:23,9.3,21.0,20.1,18.9,9.2,21.3,18.3,19.3,14,21.5,0
2022-01-29 05:10:38,9.4,20.9,20.0,18.9,9.2,21.3,18.3,19.1,15,21.5,0
2022-01-29 05:15:52,9.4,20.8,19.9,18.9,9.2,21.3,18.3,19.0,16,21.5,0
2022-01-29 05:21:06,9.4,20.7,19.8,18.9,9.3,21.3,18.3,18.8,17,21.5,0
2022-01-29 05:26:20,9.3,20.6,19.7,18.9,9.3,21.3,18.3,18.7,18,21.5,0
2022-01-29 05:31:34,9.4,20.5,19.6,18.8,9.3,21.3,18.3,18.6,19,21.5,0
2022-01-29 05:36:48,9.4,20.5,19.5,18.8,9.3,21.3,18.3,18.4,20,21.5,0
2022-01-29 05:42:02,9.4,20.6,19.5,18.8,9.3,21.3,18.3,18.3,21,21.5,0
2022-01-29 05:47:17,9.5,20.6,19.4,18.8,9.3,21.3,18.3,18.2,-1,21.5,1
2022-01-29 05:52:31,9.4,21.7,19.6,18.8,9.3,21.3,18.3,21.5,0,21.5,1
2022-01-29 05:57:45,9.4,30.8,20.0,18.8,9.3,21.3,18.3,21.3,1,21.5,1
2022-01-29 06:02:59,9.4,32.4,20.2,18.8,9.3,21.3,18.3,21.1,2,21.5,1
2022-01-29 06:08:13,9.4,34.0,20.5,18.7,9.3,21.3,18.3,21.0,3,21.5,1
2022-01-29 06:13:27,9.4,30.4,20.6,18.7,9.3,21.3,18.3,20.8,4,21.5,1
2022-01-29 06:18:41,9.4,28.2,20.5,18.7,9.3,21.3,18.3,20.6,5,21.5,1
2022-01-29 06:23:56,9.5,33.0,20.6,18.7,9.3,21.3,18.3,20.5,6,21.5,1
2022-01-29 06:29:10,9.5,37.8,20.9,18.7,9.3,21.3,18.3,20.3,7,21.5,1
2022-01-29 06:34:24,9.5,34.1,20.9,18.7,9.3,21.3,18.3,20.2,8,21.5,1
2022-01-29 06:39:38,9.5,32.5,20.8,18.7,9.3,21.3,18.3,20.0,9,21.5,1
2022-01-29 06:44:53,9.5,37.4,21.0,18.6,9.4,21.3,18.3,19.9,10,21.5,1
2022-01-29 06:50:07,9.6,38.1,21.0,18.6,9.4,21.3,18.3,19.7,11,21.5,1
2022-01-29 06:55:21,9.6,37.5,21.0,18.6,9.4,21.3,18.3,19.6,12,21.5,1
2022-01-29 07:00:35,9.6,37.1,21.1,18.6,9.4,21.3,18.3,19.4,13,21.5,1
2022-01-29 07:05:49,9.6,36.7,21.1,18.6,9.4,21.2,18.2,19.3,14,21.5,1
2022-01-29 07:11:03,9.7,33.7,21.1,18.6,9.4,21.2,18.2,19.1,15,21.5,1
2022-01-29 07:16:18,9.7,32.9,21.0,18.6,9.4,21.2,18.2,19.0,16,21.5,1
2022-01-29 07:21:32,9.7,37.0,21.1,18.6,9.4,21.2,18.2,18.8,17,21.5,1
2022-01-29 07:26:46,9.7,39.7,21.4,18.6,9.4,21.2,18.2,18.7,-1,21.4,0
2022-01-29 07:32:00,9.7,35.3,21.4,18.6,9.4,21.2,18.2,21.4,0,21.4,0
2022-01-29 07:37:14,9.7,29.7,21.3,18.6,9.4,21.2,18.2,21.2,1,21.4,0
2022-01-29 07:42:29,9.7,29.2,21.4,18.6,9.4,21.2,18.2,21.0,2,21.4,0
2022-01-29 07:47:43,9.7,28.2,21.6,18.7,9.4,21.2,18.2,20.9,3,21.4,0
2022-01-29 07:52:57,9.8,27.2,21.7,18.7,9.4,21.2,18.2,20.7,4,21.4,0
2022-01-29 07:58:11,9.8,26.3,21.8,18.7,9.5,21.2,18.2,20.5,5,21.4,0
2022-01-29 08:03:25,9.8,25.7,21.8,18.6,9.5,21.2,18.2,20.4,6,21.4,0
2022-01-29 08:08:39,9.8,25.1,21.8,18.7,9.5,21.2,18.2,20.2,7,21.4,0
2022-01-29 08:13:54,9.8,24.7,21.8,18.7,9.5,21.2,18.2,20.1,8,21.4,0
2022-01-29 08:19:08,9.8,24.4,21.7,18.7,9.5,21.2,18.2,19.9,9,21.4,0
2022-01-29 08:24:22,9.8,24.0,21.6,18.7,9.5,21.2,18.2,19.8,10,21.4,0
2022-01-29 08:29:36,9.8,23.9,21.6,18.7,9.5,21.2,18.2,19.6,11,21.4,0
2022-01-29 08:34:50,9.8,23.7,21.6,18.7,9.5,21.2,18.2,19.5,12,21.4,0
2022-01-29 08:40:04,9.8,23.6,21.6,18.7,9.5,21.2,18.2,19.3,13,21.4,0
2022-01-29 08:45:19,9.8,23.5,21.6,18.7,9.5,21.2,18.2,19.2,14,21.4,0
2022-01-29 08:50:33,10.0,23.4,21.6,18.7,9.5,21.2,18.2,19.0,15,21.4,0
2022-01-29 08:55:48,10.1,23.4,21.6,18.5,9.5,21.2,18.2,18.9,16,21.4,0
2022-01-29 09:01:02,10.2,23.4,21.6,18.4,9.5,21.2,18.2,18.7,17,21.4,0
2022-01-29 09:06:17,10.2,23.5,21.7,18.4,9.5,21.2,18.2,18.6,18,21.4,0
2022-01-29 09:11:31,10.2,23.4,21.7,18.4,9.6,21.2,18.2,18.5,19,21.4,0
2022-01-29 09:16:45,10.4,23.4,21.7,18.4,9.6,21.2,18.2,18.3,20,21.4,0
2022-01-29 09:21:59,10.5,23.5,21.7,18.3,9.6,21.2,18.2,18.2,21,21.4,0
2022-01-29 09:27:14,10.6,23.4,21.8,18.3,9.6,21.2,18.2,18.1,-1,21.8,0
2022-01-29 09:32:32,10.6,23.5,21.9,18.2,9.6,21.2,18.2,21.8,0,21.8,0
2022-01-29 09:37:46,10.8,23.5,21.9,18.3,9.6,21.1,18.1,21.6,1,21.8,0
2022-01-29 09:43:00,10.9,23.7,22.1,18.3,9.7,21.1,18.1,21.4,2,21.8,0
2022-01-29 09:48:15,11.0,23.8,22.2,18.3,9.7,21.1,18.1,21.3,3,21.8,0
2022-01-29 09:53:29,11.1,24.2,22.3,18.3,9.7,21.1,18.1,21.1,4,21.8,0
2022-01-29 09:58:43,11.2,24.5,22.6,18.3,9.7,21.1,18.1,20.9,5,21.8,0
2022-01-29 10:03:57,11.2,24.7,22.8,18.3,9.7,21.1,18.1,20.8,6,21.8,0
2022-01-29 10:09:18,11.3,25.1,23.0,18.3,9.8,21.1,18.1,20.6,7,21.8,0
2022-01-29 10:14:33,11.4,25.4,23.2,18.3,9.8,21.1,18.1,20.5,8,21.8,0
2022-01-29 10:19:47,11.3,25.8,23.4,18.2,9.8,21.1,18.1,20.3,9,21.8,0
2022-01-29 10:25:01,11.4,26.1,23.6,18.1,9.9,21.1,18.1,20.2,10,21.8,0
2022-01-29 10:30:15,11.4,26.4,23.8,18.3,9.9,21.0,18.0,20.0,11,21.8,0
2022-01-29 10:35:29,11.6,26.8,24.1,18.3,9.9,21.0,18.0,19.9,12,21.8,0
2022-01-29 10:40:44,11.6,27.0,24.3,18.3,10.0,21.0,18.0,19.7,13,21.8,0
2022-01-29 10:46:25,11.6,27.2,24.5,18.3,10.0,21.0,18.0,19.6,14,21.8,0
2022-01-29 10:51:39,11.4,27.5,24.7,18.3,10.0,21.0,18.0,19.4,15,21.8,0
2022-01-29 10:56:54,11.2,27.7,24.8,18.4,10.0,21.0,18.0,19.3,16,21.8,0
2022-01-29 11:02:08,10.5,27.6,24.9,18.4,10.1,21.0,18.0,19.1,17,21.8,0
2022-01-29 11:07:22,10.4,27.4,24.9,18.2,10.1,21.0,18.0,19.0,18,21.8,0
2022-01-29 11:12:36,10.5,27.1,24.8,17.4,10.1,21.0,18.0,18.9,19,21.8,0
2022-01-29 11:17:50,10.7,26.9,24.8,17.8,10.1,21.0,18.0,18.7,20,21.8,0
2022-01-29 11:23:05,11.0,26.9,24.8,18.1,10.1,20.9,17.9,18.6,21,21.8,0
2022-01-29 11:28:19,11.0,26.9,24.9,18.2,10.2,20.9,17.9,18.5,22,21.8,0
2022-01-29 11:33:33,10.9,26.9,25.0,18.2,10.2,20.9,17.9,18.4,23,21.8,0
2022-01-29 11:38:47,10.7,26.8,25.0,18.3,10.2,20.9,17.9,18.2,24,21.8,0
2022-01-29 11:44:01,10.7,26.8,25.1,18.3,10.2,20.9,17.9,18.1,25,21.8,0
2022-01-29 11:49:16,10.8,26.8,25.2,18.4,10.2,20.9,17.9,18.0,26,21.8,0
2022-01-29 11:54:30,10.5,26.6,25.1,18.5,10.2,20.9,17.9,17.9,-1,25.1,0
2022-01-29 11:59:44,10.1,26.3,24.9,18.6,10.3,20.9,17.9,25.1,0,25.1,0
2022-01-29 12:04:58,10.0,26.1,24.9,18.6,10.3,20.9,17.9,24.9,1,25.1,0
2022-01-29 12:10:12,10.0,26.1,24.8,18.7,10.3,20.9,17.9,24.7,2,25.1,0
2022-01-29 12:16:04,9.8,26.0,24.7,18.8,10.3,20.9,17.9,24.6,3,25.1,0
2022-01-29 12:21:21,9.9,25.9,24.6,18.8,10.3,20.9,17.9,24.4,4,25.1,0
2022-01-29 12:26:41,9.9,25.5,24.3,19.2,10.3,20.9,17.9,24.3,5,25.1,0
2022-01-29 12:32:20,9.8,25.1,24.1,19.5,10.3,20.9,17.9,24.1,6,25.1,0
2022-01-29 12:37:58,9.9,24.8,23.9,19.7,10.3,20.9,17.9,23.9,7,25.1,0
2022-01-29 12:43:16,9.9,24.5,23.7,19.9,10.3,20.9,17.9,23.8,8,25.1,0
2022-01-29 12:48:33,10.1,24.3,23.6,20.0,10.3,20.9,17.9,23.6,9,25.1,0
2022-01-29 12:53:56,9.9,24.2,23.5,19.9,10.3,20.9,17.9,23.5,10,25.1,0
2022-01-29 12:59:13,9.9,23.9,23.3,20.0,10.3,20.9,17.9,23.3,11,25.1,0
2022-01-29 13:04:28,10.1,23.7,23.1,20.1,10.3,20.9,17.9,23.2,12,25.1,0
2022-01-29 13:09:45,10.1,23.5,23.0,20.1,10.3,20.9,17.9,23.0,13,25.1,0
2022-01-29 13:14:59,10.0,23.3,22.8,19.8,10.4,20.9,17.9,22.9,14,25.1,0
2022-01-29 13:20:53,9.9,23.1,22.5,19.9,10.4,20.9,17.9,22.7,15,25.1,0
2022-01-29 13:26:53,9.9,22.9,22.4,20.0,10.4,20.9,17.9,22.6,16,25.1,0
2022-01-29 13:32:22,9.9,22.8,22.3,20.0,10.4,20.9,17.9,22.5,17,25.1,0
2022-01-29 13:37:49,9.8,22.7,22.2,19.8,10.4,20.9,17.9,22.3,18,25.1,0
2022-01-29 13:43:34,9.8,22.6,22.0,19.8,10.4,20.9,17.9,22.2,19,25.1,0
2022-01-29 13:49:02,9.8,22.5,21.9,19.8,10.4,20.9,17.9,22.1,20,25.1,0
2022-01-29 13:54:31,9.8,22.4,21.8,19.7,10.4,20.9,17.9,21.9,21,25.1,0
2022-01-29 13:59:58,9.7,22.2,21.6,19.6,10.4,20.9,17.9,21.8,22,25.1,0
2022-01-29 14:06:14,9.4,22.1,21.5,19.4,10.4,20.9,17.9,21.7,23,25.1,0
2022-01-29 14:11:43,9.4,21.9,21.4,19.3,10.4,20.9,17.9,21.6,24,25.1,0
2022-01-29 14:17:12,9.4,21.8,21.2,19.4,10.4,20.9,17.9,21.4,25,25.1,0
2022-01-29 14:22:40,9.4,21.7,21.1,19.4,10.3,20.9,17.9,21.3,26,25.1,0
2022-01-29 14:28:09,9.4,21.6,21.0,19.3,10.3,20.9,17.9,21.2,27,25.1,0
2022-01-29 14:33:38,9.4,21.4,20.9,19.2,10.3,20.9,17.9,21.1,28,25.1,0
2022-01-29 14:39:07,9.4,21.3,20.8,19.1,10.3,20.9,17.9,21.0,29,25.1,0
2022-01-29 14:44:33,9.5,21.2,20.7,18.9,10.3,20.9,17.9,20.9,30,25.1,0
2022-01-29 14:50:09,9.1,21.1,20.6,18.8,10.3,20.9,17.9,20.8,31,25.1,0
2022-01-29 14:55:47,9.0,21.0,20.5,18.7,10.3,20.9,17.9,20.6,32,25.1,0
2022-01-29 15:01:13,9.0,20.9,20.4,18.7,10.3,20.9,17.9,20.5,33,25.1,0
2022-01-29 15:06:29,9.0,20.8,20.3,18.8,10.3,20.9,17.9,20.4,34,25.1,0
2022-01-29 15:11:45,8.9,20.7,20.2,18.7,10.3,20.9,17.9,20.3,35,25.1,0
2022-01-29 15:17:00,8.9,20.6,20.1,18.7,10.3,20.9,17.9,20.2,36,25.1,0
2022-01-29 15:22:15,8.8,20.5,20.0,18.6,10.2,20.9,17.9,20.1,37,25.1,0
2022-01-29 15:27:30,8.8,20.3,19.9,18.6,10.2,20.9,17.9,20.0,38,25.1,0
2022-01-29 15:32:48,8.7,20.3,19.8,18.6,10.2,20.9,17.9,20.0,39,25.1,0
2022-01-29 15:38:33,8.7,20.2,19.7,18.5,10.2,20.9,17.9,19.9,40,25.1,0
2022-01-29 15:45:06,8.7,20.1,19.7,18.5,10.2,20.9,17.9,19.8,41,25.1,0
2022-01-29 15:50:27,8.4,20.0,19.5,18.4,10.1,21.0,18.0,19.7,42,25.1,0
2022-01-29 15:56:11,8.4,20.0,19.6,18.4,10.1,21.0,18.0,19.6,43,25.1,0
2022-01-29 16:01:46,8.4,20.1,19.7,18.3,10.1,21.0,18.0,19.5,44,25.1,0
2022-01-29 16:07:46,8.3,20.3,19.8,18.3,10.0,21.0,18.0,19.4,45,25.1,0
2022-01-29 16:13:15,8.3,20.7,20.0,18.3,10.0,21.0,18.0,19.4,46,25.1,0
2022-01-29 16:18:43,8.3,21.3,20.3,18.3,10.0,21.0,18.0,19.3,47,25.1,0
2022-01-29 16:24:12,8.3,22.0,20.6,18.3,9.9,21.0,18.0,19.2,48,25.1,0
2022-01-29 16:29:57,8.3,22.9,20.9,18.2,9.9,21.1,18.1,19.1,49,25.1,0
2022-01-29 16:35:25,8.3,24.0,21.3,18.2,9.8,21.1,18.1,19.1,50,25.1,0
2022-01-29 16:41:10,8.3,24.8,21.8,18.2,9.8,21.1,18.1,19.0,51,25.1,0
2022-01-29 16:46:39,8.3,25.4,22.2,18.1,9.7,21.1,18.1,18.9,52,25.1,0
2022-01-29 16:52:08,8.3,25.6,22.7,18.1,9.7,21.1,18.1,18.9,53,25.1,0
2022-01-29 16:57:36,8.3,25.9,23.1,18.1,9.7,21.1,18.1,18.8,54,25.1,0
2022-01-29 17:03:05,8.3,26.3,23.5,18.1,9.6,21.2,18.2,18.8,55,25.1,0
2022-01-29 17:08:49,8.3,26.7,23.9,18.0,9.6,21.2,18.2,18.7,56,25.1,0
2022-01-29 17:14:15,8.3,27.0,24.1,17.9,9.5,21.2,18.2,18.6,57,25.1,0
2022-01-29 17:20:07,7.2,27.0,24.2,18.1,9.5,21.2,18.2,18.6,58,25.1,0
2022-01-29 17:25:33,7.2,26.8,24.2,18.1,9.4,21.2,18.2,18.5,59,25.1,0
2022-01-29 17:31:25,7.0,26.6,24.2,18.2,9.4,21.3,18.3,18.5,60,25.1,0
2022-01-29 17:37:09,7.0,26.3,24.3,18.2,9.3,21.3,18.3,18.4,61,25.1,0
2022-01-29 17:42:38,7.0,26.1,24.4,18.1,9.3,21.3,18.3,18.4,62,25.1,0
2022-01-29 17:48:07,7.0,26.0,24.5,18.1,9.2,21.3,18.3,18.3,63,25.1,0
2022-01-29 17:53:35,7.0,26.1,24.7,18.1,9.2,21.3,18.3,18.3,-1,24.7,0
2022-01-29 17:59:37,7.0,26.3,24.9,18.1,9.1,21.4,18.4,24.7,0,24.7,0
2022-01-29 18:05:05,7.0,26.6,25.0,18.1,9.0,21.4,18.4,24.6,1,24.7,0
2022-01-29 18:10:34,7.0,26.8,25.0,18.2,9.0,21.4,18.4,24.4,2,24.7,0
2022-01-29 18:16:03,7.0,26.8,24.9,18.2,8.9,21.4,18.4,24.2,3,24.7,0
2022-01-29 18:21:23,7.0,26.6,24.8,18.3,8.9,21.4,18.4,24.1,4,24.7,0
2022-01-29 18:26:37,6.9,26.4,24.7,18.4,8.8,21.5,18.5,23.9,5,24.7,0
2022-01-29 18:31:52,6.9,26.2,24.6,18.5,8.8,21.5,18.5,23.7,6,24.7,0
2022-01-29 18:37:06,6.8,26.0,24.5,18.5,8.7,21.5,18.5,23.6,7,24.7,0
2022-01-29 18:42:20,6.8,25.9,24.4,18.6,8.7,21.5,18.5,23.4,8,24.7,0
2022-01-29 18:47:34,6.8,25.7,24.3,18.6,8.6,21.5,18.5,23.3,9,24.7,0
2022-01-29 18:52:48,6.8,25.5,24.0,18.7,8.6,21.6,18.6,23.1,10,24.7,0
2022-01-29 18:58:04,6.8,25.3,23.9,18.9,8.6,21.6,18.6,23.0,11,24.7,0
2022-01-29 19:03:21,6.8,25.2,23.7,18.7,8.5,21.6,18.6,22.8,12,24.7,0
2022-01-29 19:08:37,6.8,25.0,23.6,18.6,8.5,21.6,18.6,22.7,13,24.7,0
2022-01-29 19:14:12,6.7,24.7,23.4,18.6,8.4,21.6,18.6,22.5,14,24.7,0
2022-01-29 19:19:27,6.7,24.4,23.2,18.6,8.4,21.6,18.6,22.4,15,24.7,0
2022-01-29 19:24:41,6.8,24.0,22.9,18.6,8.3,21.7,18.7,22.3,16,24.7,0
2022-01-29 19:29:55,6.8,23.5,22.6,18.5,8.3,21.7,18.7,22.1,17,24.7,0
2022-01-29 19:35:09,6.7,23.2,22.4,18.5,8.3,21.7,18.7,22.0,18,24.7,0
2022-01-29 19:40:24,6.6,22.9,22.3,18.5,8.2,21.7,18.7,21.8,19,24.7,0
2022-01-29 19:45:38,6.6,22.7,22.2,18.5,8.2,21.7,18.7,21.7,20,24.7,0
2022-01-29 19:50:52,6.6,22.6,22.2,18.6,8.1,21.8,18.8,21.6,21,24.7,0
2022-01-29 19:56:06,6.5,22.5,22.1,18.7,8.1,21.8,18.8,21.5,22,24.7,0
2022-01-29 20:01:20,6.5,22.2,21.9,18.9,8.0,21.8,18.8,21.3,23,24.7,0
2022-01-29 20:06:35,6.4,22.0,21.7,19.6,8.0,21.8,18.8,21.2,24,24.7,0
2022-01-29 20:11:49,6.4,21.8,21.5,20.4,7.9,21.8,18.8,21.1,25,24.7,0
2022-01-29 20:17:03,6.3,21.6,21.4,20.9,7.9,21.9,18.9,21.0,26,24.7,0
2022-01-29 20:22:17,6.2,21.5,21.3,21.3,7.8,21.9,18.9,20.9,27,24.7,0
2022-01-29 20:27:31,6.2,21.4,21.2,21.6,7.8,21.9,18.9,20.7,28,24.7,0
2022-01-29 20:32:45,6.2,21.3,21.1,22.0,7.7,21.9,18.9,20.6,29,24.7,0
2022-01-29 20:38:00,6.1,21.1,21.0,22.5,7.7,21.9,18.9,20.5,30,24.7,0
2022-01-29 20:43:14,6.1,21.0,20.8,22.9,7.6,21.9,18.9,20.4,31,24.7,0
2022-01-29 20:48:28,6.1,20.8,20.6,23.3,7.6,22.0,19.0,20.3,32,24.7,0
2022-01-29 20:53:42,6.0,20.7,20.5,23.6,7.5,22.0,19.0,20.2,33,24.7,0
2022-01-29 20:58:56,5.9,20.6,20.5,23.8,7.5,22.0,19.0,20.1,34,24.7,0
2022-01-29 21:04:10,5.8,20.5,20.4,23.9,7.4,22.0,19.0,20.0,35,24.7,0
2022-01-29 21:09:24,5.8,20.5,20.3,24.0,7.4,22.0,19.0,19.9,36,24.7,0
2022-01-29 21:14:39,5.7,20.4,20.2,24.4,7.3,22.1,19.1,19.8,37,24.7,0
2022-01-29 21:19:53,5.5,20.2,20.0,25.5,7.3,22.1,19.1,19.7,38,24.7,0
2022-01-29 21:25:45,5.5,20.1,19.9,26.7,7.2,22.1,19.1,19.6,39,24.7,0
2022-01-29 21:31:14,5.4,20.1,19.8,26.4,7.2,22.1,19.1,19.5,40,24.7,0
2022-01-29 21:36:43,5.4,20.1,19.8,26.1,7.1,22.1,19.1,19.4,41,24.7,0
2022-01-29 21:42:02,5.4,20.1,19.8,26.2,7.1,22.2,19.2,19.3,42,24.7,0
2022-01-29 21:47:53,5.4,20.2,19.7,26.3,7.0,22.2,19.2,19.3,43,24.7,0
2022-01-29 21:53:37,5.4,20.1,19.6,26.3,7.0,22.2,19.2,19.2,-1,24.7,1
2022-01-29 21:58:53,5.2,20.2,19.4,26.4,6.9,22.2,19.2,24.7,0,24.7,1
2022-01-29 22:04:29,5.1,23.3,18.7,25.9,6.9,22.2,19.2,24.6,1,24.7,1
2022-01-29 22:09:58,5.1,30.4,18.9,24.7,6.8,22.3,19.3,24.4,2,24.7,1
2022-01-29 22:15:27,5.1,31.5,19.2,24.1,6.8,22.3,19.3,24.2,3,24.7,1
2022-01-29 22:20:56,5.1,32.7,19.4,23.8,6.7,22.3,19.3,24.1,4,24.7,1
2022-01-29 22:26:25,5.1,31.5,19.6,23.5,6.7,22.3,19.3,23.9,5,24.7,1
2022-01-29 22:31:53,5.1,33.5,19.7,23.4,6.7,22.3,19.3,23.7,6,24.7,1
2022-01-29 22:37:22,5.1,32.4,19.7,23.4,6.6,22.4,19.4,23.6,7,24.7,1
2022-01-29 22:42:51,5.1,29.7,19.7,23.2,6.6,22.4,19.4,23.4,8,24.7,1
2022-01-29 22:48:20,5.1,32.9,19.8,23.0,6.5,22.4,19.4,23.3,9,24.7,1
2022-01-29 22:53:49,5.1,34.5,20.0,22.7,6.5,22.4,19.4,23.1,10,24.7,1
2022-01-29 22:59:55,5.1,32.6,20.2,22.5,6.4,22.4,19.4,23.0,11,24.7,1
2022-01-29 23:05:09,4.3,32.1,20.3,22.6,6.4,22.4,19.4,22.8,12,24.7,1
2022-01-29 23:10:23,4.5,29.1,20.2,22.8,6.3,22.5,19.5,22.7,13,24.7,1
2022-01-29 23:15:38,4.7,32.0,20.3,22.6,6.3,22.5,19.5,22.5,14,24.7,1
2022-01-29 23:20:52,4.7,29.1,20.4,22.4,6.2,22.5,19.5,22.4,15,24.7,1
2022-01-29 23:26:06,4.4,28.2,20.2,22.1,6.2,22.5,19.5,22.3,16,24.7,1
2022-01-29 23:31:20,4.2,32.3,20.4,21.9,6.1,22.6,19.6,22.1,17,24.7,1
2022-01-29 23:36:34,4.3,28.6,20.5,21.7,6.1,22.6,19.6,22.0,18,24.7,1
2022-01-29 23:41:48,4.4,31.6,20.7,21.4,6.0,22.6,19.6,21.8,19,24.7,1
2022-01-29 23:47:02,4.5,30.0,20.8,21.3,6.0,22.6,19.6,21.7,20,24.7,1
2022-01-29 23:52:17,4.3,31.5,20.9,21.2,5.9,22.6,19.6,21.6,21,24.7,1
2022-01-29 23:57:31,4.1,32.0,21.0,21.1,5.9,22.6,19.6,21.5,22,24.7,1
2022-01-30 00:02:45,4.0,37.1,21.1,20.9,5.8,22.7,19.7,21.3,23,24.7,1
2022-01-30 00:07:59,3.9,35.6,21.2,20.8,5.8,22.7,19.7,21.2,24,24.7,1
2022-01-30 00:13:13,3.9,30.9,21.1,20.7,5.8,22.7,19.7,21.1,25,24.7,1
2022-01-30 00:18:27,4.1,34.4,21.3,20.5,5.7,22.7,19.7,21.0,26,24.7,1
2022-01-30 00:23:42,4.0,32.2,21.4,20.4,5.7,22.7,19.7,20.9,27,24.7,1
2022-01-30 00:28:56,3.9,34.0,21.5,20.4,5.6,22.7,19.7,20.7,28,24.7,1
2022-01-30 00:34:10,3.9,38.1,21.6,20.3,5.6,22.8,19.8,20.6,29,24.7,1
2022-01-30 00:39:24,4.0,39.3,21.7,20.2,5.5,22.8,19.8,20.5,30,24.7,1
2022-01-30 00:44:38,4.1,35.2,21.7,20.2,5.5,22.8,19.8,20.4,31,24.7,1
2022-01-30 00:49:52,3.8,32.9,21.8,20.1,5.5,22.8,19.8,20.3,32,24.7,1
2022-01-30 00:55:07,3.5,36.6,21.9,20.1,5.4,22.8,19.8,20.2,33,24.7,1
2022-01-30 01:00:21,3.8,39.6,22.0,20.1,5.4,22.8,19.8,20.1,34,24.7,1
2022-01-30 01:05:35,3.6,37.7,22.1,20.0,5.3,22.9,19.9,20.0,35,24.7,1
2022-01-30 01:10:49,3.3,31.5,22.1,19.9,5.3,22.9,19.9,19.9,36,24.7,1
2022-01-30 01:16:03,3.2,34.0,22.1,19.9,5.2,22.9,19.9,19.8,37,24.7,1
2022-01-30 01:21:17,3.5,38.6,22.3,19.8,5.2,22.9,19.9,19.7,38,24.7,1
2022-01-30 01:26:32,3.1,38.6,22.3,19.8,5.1,22.9,19.9,19.6,39,24.7,1
2022-01-30 01:31:46,2.7,32.5,22.3,19.8,5.1,23.0,20.0,19.5,40,24.7,1
2022-01-30 01:37:00,3.0,32.3,22.3,19.8,5.0,23.0,20.0,19.4,41,24.7,1
2022-01-30 01:42:14,2.8,35.0,22.4,19.7,5.0,23.0,20.0,19.3,42,24.7,1
2022-01-30 01:47:28,2.7,35.3,22.5,19.7,4.9,23.0,20.0,19.3,43,24.7,1
2022-01-30 01:52:43,2.5,34.4,22.5,19.6,4.9,23.1,20.1,19.2,44,24.7,1
2022-01-30 01:57:57,2.4,34.1,22.5,19.6,4.8,23.1,20.1,19.1,45,24.7,1
2022-01-30 02:03:11,2.6,36.4,22.6,19.6,4.7,23.1,20.1,19.0,46,24.7,1
2022-01-30 02:08:25,2.8,38.9,22.7,19.5,4.7,23.1,20.1,18.9,47,24.7,1
2022-01-30 02:13:39,2.8,39.4,22.7,19.5,4.6,23.1,20.1,18.9,48,24.7,1
2022-01-30 02:18:53,2.4,37.7,22.8,19.5,4.6,23.2,20.2,18.8,49,24.7,1
2022-01-30 02:24:07,2.2,35.2,22.8,19.4,4.5,23.2,20.2,18.7,50,24.7,1
2022-01-30 02:29:22,2.4,37.3,22.9,19.4,4.5,23.2,20.2,18.7,51,24.7,1
2022-01-30 02:34:36,2.4,36.8,22.9,19.3,4.4,23.2,20.2,18.6,52,24.7,1
2022-01-30 02:39:50,2.7,35.2,22.9,19.3,4.4,23.3,20.3,18.5,53,24.7,1
2022-01-30 02:45:04,2.3,36.2,23.0,19.3,4.3,23.3,20.3,18.5,54,24.7,1
2022-01-30 02:50:18,2.4,37.3,23.1,19.3,4.2,23.3,20.3,18.4,55,24.7,1
2022-01-30 02:55:33,2.6,37.4,23.1,19.2,4.2,23.3,20.3,18.3,56,24.7,1
2022-01-30 03:00:47,2.1,37.6,23.1,19.2,4.1,23.3,20.3,18.3,57,24.7,1
2022-01-30 03:06:01,1.9,34.6,23.2,19.2,4.1,23.4,20.4,18.2,58,24.7,1
2022-01-30 03:11:15,1.6,33.8,23.2,19.2,4.0,23.4,20.4,18.2,59,24.7,1
2022-01-30 03:16:29,1.9,37.1,23.2,19.2,4.0,23.4,20.4,18.1,60,24.7,1
2022-01-30 03:21:43,2.1,34.9,23.3,19.1,3.9,23.4,20.4,18.1,61,24.7,1
2022-01-30 03:26:58,2.3,33.3,23.3,19.1,3.9,23.5,20.5,18.0,62,24.7,1
2022-01-30 03:32:12,2.3,37.5,23.3,19.1,3.8,23.5,20.5,18.0,63,24.7,1
2022-01-30 03:37:26,2.4,37.2,23.4,19.1,3.8,23.5,20.5,18.0,64,24.7,1
2022-01-30 03:42:40,2.1,37.5,23.5,19.1,3.7,23.5,20.5,17.9,65,24.7,1
2022-01-30 03:47:54,1.2,35.3,23.5,19.1,3.7,23.5,20.5,17.9,66,24.7,1
2022-01-30 03:53:08,1.6,32.2,23.4,19.0,3.6,23.6,20.6,17.8,67,24.7,1
2022-01-30 03:58:23,2.1,33.5,23.5,19.0,3.6,23.6,20.6,17.8,68,24.7,1
2022-01-30 04:03:37,2.2,32.8,23.4,19.0,3.5,23.6,20.6,17.8,69,24.7,1
2022-01-30 04:08:51,1.3,31.3,23.3,19.0,3.5,23.6,20.6,17.7,70,24.7,1
2022-01-30 04:14:05,0.9,36.5,23.5,19.0,3.4,23.6,20.6,17.7,71,24.7,1
2022-01-30 04:19:19,1.2,37.6,23.5,19.0,3.3,23.7,20.7,17.7,72,24.7,1
2022-01-30 04:24:33,1.7,37.1,23.6,19.0,3.3,23.7,20.7,17.7,73,24.7,1
2022-01-30 04:29:48,1.3,33.7,23.5,18.9,3.2,23.7,20.7,17.6,74,24.7,1
2022-01-30 04:35:02,1.3,37.8,23.4,18.9,3.2,23.7,20.7,17.6,75,24.7,1
2022-01-30 04:40:16,1.5,38.8,23.6,19.0,3.1,23.7,20.7,17.6,76,24.7,1
2022-01-30 04:45:30,1.0,38.6,23.7,18.9,3.1,23.8,20.8,17.6,77,24.7,1
2022-01-30 04:50:44,1.0,38.4,23.7,18.9,3.0,23.8,20.8,17.6,78,24.7,1
2022-01-30 04:55:58,1.3,38.4,23.8,18.9,3.0,23.8,20.8,17.6,-1,23.8,0
2022-01-30 05:01:12,1.7,38.9,23.9,18.9,2.9,23.8,20.8,23.8,0,23.8,0
2022-01-30 05:06:27,1.8,39.6,24.0,19.0,2.9,23.8,20.8,23.7,1,23.8,0
2022-01-30 05:11:41,1.2,37.6,24.1,19.0,2.8,23.9,20.9,23.5,2,23.8,0
2022-01-30 05:16:55,1.1,34.4,24.2,19.0,2.8,23.9,20.9,23.3,3,23.8,0
2022-01-30 05:22:09,1.3,32.1,24.2,19.0,2.7,23.9,20.9,23.2,4,23.8,0
2022-01-30 05:27:23,1.5,30.3,24.2,19.0,2.7,23.9,20.9,23.0,5,23.8,0
2022-01-30 05:32:37,1.6,28.9,24.1,19.0,2.6,23.9,20.9,22.8,6,23.8,0
2022-01-30 05:37:51,1.1,27.9,24.0,19.0,2.6,24.0,21.0,22.7,7,23.8,0
2022-01-30 05:43:06,0.6,27.0,24.0,19.0,2.5,24.0,21.0,22.5,8,23.8,0
2022-01-30 05:48:20,0.9,26.4,23.9,19.0,2.5,24.0,21.0,22.4,9,23.8,0
2022-01-30 05:53:34,0.5,25.9,23.8,19.0,2.4,24.0,21.0,22.2,10,23.8,0
2022-01-30 05:58:48,0.8,25.5,23.7,19.0,2.4,24.0,21.0,22.1,11,23.8,0
2022-01-30 06:04:02,0.9,25.3,23.6,19.0,2.3,24.1,21.1,21.9,12,23.8,0
2022-01-30 06:09:16,1.1,25.2,23.5,19.0,2.3,24.1,21.1,21.8,13,23.8,0
2022-01-30 06:14:31,1.2,25.0,23.4,18.9,2.3,24.1,21.1,21.6,14,23.8,0
2022-01-30 06:19:45,1.3,24.9,23.4,19.0,2.2,24.1,21.1,21.5,15,23.8,0
2022-01-30 06:24:59,1.6,24.9,23.3,19.0,2.2,24.1,21.1,21.3,16,23.8,0
2022-01-30 06:30:13,1.4,24.9,23.2,18.9,2.2,24.1,21.1,21.2,17,23.8,0
2022-01-30 06:35:27,1.2,24.8,23.1,18.9,2.1,24.2,21.2,21.1,-1,23.8,1
2022-01-30 06:40:42,1.3,26.5,23.2,18.9,2.1,24.2,21.2,23.8,0,23.8,1
2022-01-30 06:45:56,1.2,35.8,22.4,18.9,2.0,24.2,21.2,23.7,1,23.8,1
2022-01-30 06:51:10,1.3,37.9,22.5,18.9,2.0,24.2,21.2,23.5,2,23.8,1
2022-01-30 06:56:24,1.3,38.5,22.7,18.9,2.0,24.2,21.2,23.3,3,23.8,1
2022-01-30 07:01:38,1.0,37.9,22.8,18.9,1.9,24.2,21.2,23.2,4,23.8,1
2022-01-30 07:06:53,1.1,35.2,22.8,18.9,1.9,24.2,21.2,23.0,5,23.8,1
2022-01-30 07:12:07,1.0,34.9,22.8,18.9,1.9,24.3,21.3,22.8,6,23.8,1
2022-01-30 07:17:21,0.7,38.4,23.0,18.9,1.8,24.3,21.3,22.7,7,23.8,1
2022-01-30 07:22:35,0.7,38.4,23.0,18.9,1.8,24.3,21.3,22.5,8,23.8,1
2022-01-30 07:27:49,0.5,37.9,23.1,18.9,1.7,24.3,21.3,22.4,9,23.8,1
2022-01-30 07:33:03,0.3,37.2,23.2,18.9,1.7,24.3,21.3,22.2,10,23.8,1
2022-01-30 07:38:18,0.4,37.5,23.2,18.9,1.6,24.3,21.3,22.1,11,23.8,1
2022-01-30 07:43:32,0.7,39.0,23.2,18.9,1.6,24.4,21.4,21.9,12,23.8,1
2022-01-30 07:48:46,1.0,37.7,23.3,18.9,1.6,24.4,21.4,21.8,13,23.8,1
2022-01-30 07:54:00,1.0,35.1,23.3,18.9,1.6,24.4,21.4,21.6,14,23.8,1
2022-01-30 07:59:14,0.8,37.4,23.3,18.9,1.5,24.4,21.4,21.5,15,23.8,1
2022-01-30 08:04:29,0.7,37.4,23.3,18.9,1.5,24.4,21.4,21.3,16,23.8,1
2022-01-30 08:09:43,0.5,37.4,23.3,18.9,1.5,24.4,21.4,21.2,17,23.8,1
2022-01-30 08:14:57,0.7,38.2,23.4,18.9,1.5,24.4,21.4,21.1,18,23.8,1
2022-01-30 08:20:11,0.8,37.2,23.4,18.9,1.4,24.4,21.4,20.9,19,23.8,1
2022-01-30 08:25:25,0.7,35.7,23.3,18.9,1.4,24.4,21.4,20.8,20,23.8,1
2022-01-30 08:30:39,0.5,37.5,23.5,18.9,1.4,24.5,21.5,20.7,21,23.8,1
2022-01-30 08:35:54,0.8,36.3,23.5,19.0,1.3,24.5,21.5,20.5,22,23.8,1
2022-01-30 08:41:08,0.9,31.0,23.4,19.0,1.3,24.5,21.5,20.4,23,23.8,1
2022-01-30 08:46:22,0.8,32.8,23.0,19.1,1.3,24.5,21.5,20.3,24,23.8,1
2022-01-30 08:51:36,0.8,33.4,22.5,19.1,1.3,24.5,21.5,20.2,25,23.8,1
2022-01-30 08:57:03,1.0,30.8,22.3,19.1,1.3,24.5,21.5,20.1,26,23.8,1
2022-01-30 09:02:46,1.1,28.1,22.1,18.9,1.2,24.5,21.5,19.9,27,23.8,1
2022-01-30 09:08:29,1.3,26.0,22.1,18.9,1.2,24.5,21.5,19.8,28,23.8,1
2022-01-30 09:14:13,1.4,29.3,22.7,18.9,1.2,24.5,21.5,19.7,29,23.8,1
2022-01-30 09:20:11,1.5,28.7,22.8,19.1,1.2,24.5,21.5,19.6,30,23.8,1
2022-01-30 09:25:40,1.6,27.4,22.3,19.2,1.2,24.5,21.5,19.5,31,23.8,1
2022-01-30 09:31:57,1.6,26.5,22.3,19.2,1.2,24.5,21.5,19.4,32,23.8,1
2022-01-30 09:37:16,1.8,25.8,22.4,19.2,1.2,24.5,21.5,19.3,33,23.8,1
2022-01-30 09:42:32,2.0,25.2,22.3,19.2,1.2,24.5,21.5,19.2,34,23.8,1
2022-01-30 09:48:10,1.8,25.9,22.2,19.0,1.2,24.5,21.5,19.1,35,23.8,1
2022-01-30 09:53:39,1.8,28.9,22.4,18.9,1.2,24.5,21.5,19.0,36,23.8,1
2022-01-30 09:59:07,1.8,36.1,23.0,18.9,1.2,24.5,21.5,18.9,37,23.8,1
2022-01-30 10:04:36,1.8,38.1,23.3,18.9,1.2,24.5,21.5,18.8,38,23.8,1
2022-01-30 10:10:05,1.8,33.5,23.0,18.9,1.2,24.5,21.5,18.7,39,23.8,1
2022-01-30 10:15:34,1.8,28.9,22.7,18.9,1.2,24.5,21.5,18.6,40,23.8,1
2022-01-30 10:21:03,1.8,27.2,22.4,19.0,1.2,24.5,21.5,18.5,41,23.8,1
2022-01-30 10:26:31,1.8,29.0,22.6,18.9,1.2,24.5,21.5,18.4,42,23.8,1
2022-01-30 10:32:00,1.8,33.7,23.0,19.0,1.2,24.5,21.5,18.3,43,23.8,1
2022-01-30 10:37:29,1.8,34.9,23.3,19.2,1.2,24.5,21.5,18.3,44,23.8,1
2022-01-30 10:42:58,1.8,32.2,23.3,19.6,1.2,24.5,21.5,18.2,45,23.8,1
2022-01-30 10:48:27,1.8,29.9,23.1,19.9,1.2,24.5,21.5,18.1,46,23.8,1
2022-01-30 10:53:56,1.8,28.8,22.7,20.1,1.2,24.5,21.5,18.0,47,23.8,1
2022-01-30 10:59:24,1.8,31.0,22.7,20.2,1.2,24.5,21.5,18.0,48,23.8,1
2022-01-30 11:04:53,1.8,29.8,22.6,20.3,1.2,24.5,21.5,17.9,49,23.8,1
2022-01-30 11:10:22,1.8,30.2,22.6,20.4,1.2,24.5,21.5,17.8,50,23.8,1
2022-01-30 11:15:51,1.8,31.2,22.5,20.6,1.2,24.5,21.5,17.7,51,23.8,1
2022-01-30 11:21:20,1.8,30.3,22.4,20.7,1.3,24.5,21.5,17.7,52,23.8,1
2022-01-30 11:26:48,1.8,34.1,22.9,20.8,1.3,24.5,21.5,17.6,53,23.8,1
2022-01-30 11:32:17,1.8,33.0,22.9,20.8,1.3,24.5,21.5,17.5,54,23.8,1
2022-01-30 11:37:46,1.8,30.6,22.6,20.9,1.3,24.5,21.5,17.5,55,23.8,1
2022-01-30 11:43:15,1.8,28.8,22.4,21.0,1.3,24.5,21.5,17.4,56,23.8,1
2022-01-30 11:48:44,1.8,27.4,22.4,21.0,1.3,24.5,21.5,17.4,57,23.8,1
2022-01-30 11:54:12,1.8,26.4,22.3,20.9,1.3,24.5,21.5,17.3,58,23.8,1
2022-01-30 11:59:41,1.8,25.5,22.2,20.8,1.3,24.5,21.5,17.3,59,23.8,1
2022-01-30 12:05:10,1.8,24.7,22.1,20.7,1.3,24.5,21.5,17.2,60,23.8,1
2022-01-30 12:10:39,1.8,24.1,22.0,20.7,1.3,24.5,21.5,17.2,61,23.8,1
2022-01-30 12:16:08,1.8,23.5,21.8,20.7,1.3,24.5,21.5,17.1,62,23.8,1
2022-01-30 12:21:37,1.8,23.0,21.6,20.7,1.3,24.5,21.5,17.1,63,23.8,1
2022-01-30 12:27:05,1.8,22.6,21.5,20.6,1.4,24.5,21.5,17.0,64,23.8,1
2022-01-30 12:32:34,1.8,22.2,21.3,20.6,1.4,24.5,21.5,17.0,65,23.8,1
2022-01-30 12:38:03,1.8,21.9,21.1,20.5,1.4,24.4,21.4,17.0,66,23.8,1
2022-01-30 12:43:32,1.8,21.6,21.0,20.4,1.4,24.4,21.4,16.9,67,23.8,1
2022-01-30 12:49:01,1.8,21.3,20.8,20.5,1.4,24.4,21.4,16.9,68,23.8,1
2022-01-30 12:54:29,1.8,21.1,20.7,20.6,1.4,24.4,21.4,16.9,69,23.8,1
2022-01-30 12:59:58,1.8,20.9,20.5,20.5,1.4,24.4,21.4,16.8,70,23.8,1
2022-01-30 13:05:27,1.8,20.7,20.4,20.3,1.4,24.4,21.4,16.8,71,23.8,1
2022-01-30 13:10:56,1.8,20.6,20.3,20.4,1.4,24.4,21.4,16.8,72,23.8,1
2022-01-30 13:16:25,1.8,20.4,20.2,20.2,1.4,24.4,21.4,16.8,73,23.8,1
2022-01-30 13:21:54,1.8,20.3,20.1,20.2,1.4,24.4,21.4,16.7,74,23.8,1
2022-01-30 13:27:22,1.8,20.2,20.0,20.1,1.4,24.4,21.4,16.7,75,23.8,1
2022-01-30 13:32:51,1.8,20.1,19.9,20.0,1.5,24.4,21.4,16.7,76,23.8,1
2022-01-30 13:38:20,1.8,21.0,20.3,19.8,1.5,24.4,21.4,16.7,77,23.8,1
2022-01-30 13:43:49,1.8,27.2,21.2,19.8,1.5,24.4,21.4,16.7,78,23.8,1
2022-01-30 13:49:18,1.8,34.1,21.9,19.7,1.5,24.4,21.4,16.7,79,23.8,1
2022-01-30 13:54:47,1.8,32.0,22.1,19.6,1.5,24.4,21.4,16.7,80,23.8,1
2022-01-30 14:00:15,1.8,33.9,22.3,19.6,1.5,24.4,21.4,16.6,81,23.8,1
2022-01-30 14:05:44,1.8,31.8,22.2,19.5,1.5,24.4,21.4,16.6,82,23.8,1
2022-01-30 14:11:13,1.8,32.6,22.2,19.5,1.6,24.4,21.4,16.6,83,23.8,1
2022-01-30 14:16:42,1.8,32.4,22.0,19.3,1.6,24.4,21.4,16.6,84,23.8,1
2022-01-30 14:22:58,1.8,30.5,22.1,19.3,1.6,24.4,21.4,16.6,85,23.8,1
2022-01-30 14:28:43,1.8,34.3,22.5,19.2,1.6,24.4,21.4,16.6,86,23.8,1
2022-01-30 14:34:43,1.8,34.1,22.6,19.2,1.6,24.4,21.4,16.6,87,23.8,1
2022-01-30 14:40:12,1.8,35.1,22.3,19.1,1.6,24.3,21.3,16.7,88,23.8,1
2022-01-30 14:46:10,1.8,34.0,22.5,19.1,1.6,24.3,21.3,16.7,89,23.8,1
2022-01-30 14:52:09,4.3,33.8,22.8,19.2,1.7,24.3,21.3,16.7,90,23.8,1
2022-01-30 14:57:38,6.0,32.7,23.2,19.2,1.8,24.3,21.3,16.7,91,23.8,1
2022-01-30 15:03:07,6.0,35.1,22.4,19.1,1.8,24.3,21.3,16.7,92,23.8,1
2022-01-30 15:08:36,6.0,35.5,22.5,19.1,1.9,24.2,21.2,16.7,93,23.8,1
2022-01-30 15:14:04,6.0,36.2,22.7,19.1,2.0,24.2,21.2,16.7,94,23.8,1
2022-01-30 15:19:33,6.0,37.3,22.9,19.1,2.1,24.2,21.2,16.8,95,23.8,1
2022-01-30 15:25:02,6.0,37.9,23.0,19.1,2.1,24.1,21.1,16.8,96,23.8,1
2022-01-30 15:30:31,6.0,34.4,23.1,19.0,2.2,24.1,21.1,16.8,97,23.8,1
2022-01-30 15:36:00,6.0,33.1,23.0,19.0,2.3,24.1,21.1,16.8,98,23.8,1
2022-01-30 15:41:28,6.0,33.6,22.9,18.9,2.3,24.1,21.1,16.9,99,23.8,1
2022-01-30 15:46:57,6.0,36.2,23.1,18.9,2.4,24.0,21.0,16.9,100,23.8,1
2022-01-30 15:52:26,6.0,32.4,23.1,18.9,2.5,24.0,21.0,16.9,101,23.8,1
2022-01-30 15:57:55,6.0,35.6,23.3,18.9,2.5,24.0,21.0,17.0,102,23.8,1
2022-01-30 16:03:24,6.0,32.0,23.3,18.9,2.6,24.0,21.0,17.0,103,23.8,1
2022-01-30 16:08:53,6.0,26.6,22.9,18.9,2.7,23.9,20.9,17.1,104,23.8,1
2022-01-30 16:14:21,6.0,25.3,22.7,18.8,2.7,23.9,20.9,17.1,105,23.8,1
2022-01-30 16:19:50,6.0,28.5,22.7,18.8,2.8,23.9,20.9,17.1,106,23.8,1
2022-01-30 16:25:19,6.0,37.8,23.2,18.8,2.8,23.9,20.9,17.2,107,23.8,1
2022-01-30 16:30:48,6.0,37.3,23.2,18.8,2.9,23.8,20.8,17.2,108,23.8,1
2022-01-30 16:36:17,6.0,30.1,23.0,18.8,2.9,23.8,20.8,17.3,109,23.8,1
2022-01-30 16:41:46,6.0,26.7,22.8,18.8,3.0,23.8,20.8,17.3,110,23.8,1
2022-01-30 16:47:30,6.0,25.4,22.7,18.8,3.1,23.8,20.8,17.4,111,23.8,1
2022-01-30 16:53:14,6.0,24.4,22.5,18.8,3.1,23.8,20.8,17.4,112,23.8,1
2022-01-30 16:58:43,6.0,23.9,22.5,18.7,3.2,23.7,20.7,17.5,113,23.8,1
2022-01-30 17:04:12,6.0,23.7,22.4,18.7,3.2,23.7,20.7,17.6,114,23.8,1
2022-01-30 17:09:41,6.0,31.6,22.6,18.7,3.3,23.7,20.7,17.6,115,23.8,1
2022-01-30 17:15:10,6.0,37.5,22.9,18.7,3.4,23.7,20.7,17.7,116,23.8,1
2022-01-30 17:20:54,6.0,32.9,22.9,18.7,3.4,23.6,20.6,17.8,117,23.8,1
2022-01-30 17:26:23,6.0,27.6,22.6,18.6,3.5,23.6,20.6,17.8,118,23.8,1
2022-01-30 17:31:52,6.0,26.0,22.5,18.6,3.5,23.6,20.6,17.9,119,23.8,1
2022-01-30 17:37:21,6.0,24.9,22.4,18.6,3.6,23.6,20.6,18.0,120,23.8,1
2022-01-30 17:42:46,5.8,24.2,22.3,18.6,3.6,23.5,20.5,18.0,121,23.8,1
2022-01-30 17:48:01,5.0,23.8,22.3,18.7,3.7,23.5,20.5,18.1,122,23.8,1
2022-01-30 17:53:15,5.1,23.4,22.2,18.8,3.7,23.5,20.5,18.2,123,23.8,1
2022-01-30 17:58:47,5.2,23.2,22.2,18.9,3.8,23.5,20.5,18.3,124,23.8,1
2022-01-30 18:04:02,5.2,23.0,22.2,19.0,3.8,23.5,20.5,18.4,125,23.8,1
2022-01-30 18:09:16,5.4,22.9,22.2,19.0,3.9,23.4,20.4,18.5,126,23.8,1
2022-01-30 18:14:30,5.5,23.6,22.1,19.1,3.9,23.4,20.4,18.5,127,23.8,1
2022-01-30 18:19:44,5.5,29.8,22.4,19.1,4.0,23.4,20.4,18.6,128,23.8,1
2022-01-30 18:24:58,5.2,29.7,22.4,19.1,4.0,23.4,20.4,18.7,129,23.8,1
2022-01-30 18:30:13,4.9,31.4,22.6,19.0,4.1,23.4,20.4,18.8,130,23.8,1
2022-01-30 18:35:27,4.9,32.1,22.6,19.0,4.1,23.4,20.4,18.9,131,23.8,1
2022-01-30 18:40:41,5.0,31.4,22.6,19.0,4.2,23.3,20.3,19.0,132,23.8,1
2022-01-30 18:45:55,4.9,30.8,22.6,18.9,4.2,23.3,20.3,19.1,133,23.8,1
2022-01-30 18:51:09,4.9,30.4,22.5,19.0,4.2,23.3,20.3,19.2,134,23.8,1
2022-01-30 18:56:23,4.9,32.6,22.6,19.1,4.3,23.3,20.3,19.3,135,23.8,1
2022-01-30 19:01:38,4.9,34.3,22.6,19.2,4.3,23.3,20.3,19.4,136,23.8,1
2022-01-30 19:06:52,5.0,33.6,22.7,19.1,4.4,23.3,20.3,19.5,137,23.8,1
2022-01-30 19:12:06,5.0,33.3,22.8,19.2,4.4,23.2,20.2,19.6,138,23.8,1
2022-01-30 19:17:20,5.1,31.8,22.9,19.3,4.5,23.2,20.2,19.7,139,23.8,1
2022-01-30 19:22:34,5.1,33.4,22.9,19.3,4.5,23.2,20.2,19.9,140,23.8,1
2022-01-30 19:27:48,5.2,33.9,22.9,19.3,4.6,23.2,20.2,20.0,141,23.8,1
2022-01-30 19:33:03,5.2,32.9,22.9,19.2,4.6,23.2,20.2,20.1,142,23.8,1
2022-01-30 19:38:17,5.3,34.4,22.9,19.2,4.7,23.1,20.1,20.2,143,23.8,1
2022-01-30 19:43:31,5.4,37.4,23.1,19.2,4.7,23.1,20.1,20.3,-1,23.1,0
2022-01-30 19:48:45,5.4,38.7,23.3,19.2,4.8,23.1,20.1,23.1,0,23.1,0
2022-01-30 19:53:59,5.5,38.8,23.3,19.3,4.8,23.1,20.1,23.0,1,23.1,0
2022-01-30 19:59:13,5.7,36.7,23.3,19.3,4.9,23.1,20.1,22.8,2,23.1,0
2022-01-30 20:04:28,5.8,34.0,23.4,19.2,4.9,23.0,20.0,22.6,3,23.1,0
2022-01-30 20:09:42,5.9,31.8,23.5,19.3,5.0,23.0,20.0,22.5,4,23.1,0
2022-01-30 20:14:56,5.9,30.1,23.6,19.3,5.0,23.0,20.0,22.3,5,23.1,0
2022-01-30 20:20:10,6.0,28.8,23.5,19.2,5.1,23.0,20.0,22.1,6,23.1,0
2022-01-30 20:25:24,6.1,27.8,23.5,19.1,5.1,22.9,19.9,22.0,7,23.1,0
2022-01-30 20:30:38,6.2,27.1,23.5,19.1,5.2,22.9,19.9,21.8,8,23.1,0
2022-01-30 20:35:53,6.2,26.3,23.4,19.1,5.3,22.9,19.9,21.7,9,23.1,0
2022-01-30 20:41:07,6.3,25.8,23.3,19.0,5.3,22.9,19.9,21.5,10,23.1,0
2022-01-30 20:46:21,6.4,25.3,23.1,19.2,5.4,22.8,19.8,21.4,11,23.1,0
2022-01-30 20:51:35,6.3,24.9,23.0,19.3,5.5,22.8,19.8,21.2,12,23.1,0
2022-01-30 20:56:49,6.2,24.7,22.9,19.3,5.5,22.8,19.8,21.1,13,23.1,0
2022-01-30 21:02:04,6.1,24.5,22.8,19.3,5.6,22.8,19.8,20.9,14,23.1,0
2022-01-30 21:07:18,6.0,24.3,22.7,19.3,5.6,22.7,19.7,20.8,15,23.1,0
2022-01-30 21:12:32,5.9,24.0,22.6,19.3,5.7,22.7,19.7,20.6,16,23.1,0
2022-01-30 21:17:46,5.9,23.8,22.5,19.3,5.7,22.7,19.7,20.5,17,23.1,0
2022-01-30 21:23:00,5.8,23.6,22.3,19.3,5.7,22.7,19.7,20.4,18,23.1,0
2022-01-30 21:28:14,5.8,23.4,22.1,19.3,5.7,22.7,19.7,20.2,19,23.1,0
2022-01-30 21:33:29,5.7,23.3,22.0,19.3,5.7,22.7,19.7,20.1,20,23.1,0
2022-01-30 21:38:43,5.6,23.2,21.9,19.3,5.7,22.7,19.7,20.0,21,23.1,0
2022-01-30 21:43:57,5.5,23.2,21.8,19.4,5.7,22.7,19.7,19.8,22,23.1,0
2022-01-30 21:49:11,5.5,23.0,21.6,19.5,5.7,22.7,19.7,19.7,-1,23.1,1
2022-01-30 21:54:25,5.5,23.5,21.6,19.4,5.7,22.7,19.7,23.1,0,23.1,1
2022-01-30 21:59:39,5.6,27.6,21.5,19.3,5.7,22.7,19.7,23.0,1,23.1,1
2022-01-30 22:04:53,5.6,28.8,21.6,19.3,5.7,22.7,19.7,22.8,2,23.1,1
2022-01-30 22:10:08,5.5,32.8,21.9,19.2,5.7,22.7,19.7,22.6,3,23.1,1
2022-01-30 22:15:22,5.5,31.4,22.0,19.2,5.7,22.7,19.7,22.5,4,23.1,1
2022-01-30 22:20:36,5.5,33.8,22.2,19.2,5.6,22.7,19.7,22.3,5,23.1,1
2022-01-30 22:25:50,5.5,36.0,22.3,19.2,5.6,22.7,19.7,22.1,6,23.1,1
2022-01-30 22:31:04,5.5,33.1,22.3,19.2,5.6,22.7,19.7,22.0,7,23.1,1
2022-01-30 22:36:19,5.6,31.4,22.2,19.1,5.6,22.7,19.7,21.8,8,23.1,1
2022-01-30 22:41:33,5.6,33.2,22.2,19.2,5.6,22.8,19.8,21.7,9,23.1,1
2022-01-30 22:46:47,5.6,33.2,22.4,19.1,5.6,22.8,19.8,21.5,10,23.1,1
2022-01-30 22:52:01,5.5,34.7,22.5,19.1,5.6,22.8,19.8,21.4,11,23.1,1
2022-01-30 22:57:15,5.6,34.1,22.6,19.0,5.6,22.8,19.8,21.2,12,23.1,1
2022-01-30 23:02:29,5.6,33.3,22.6,19.0,5.6,22.8,19.8,21.1,13,23.1,1
2022-01-30 23:07:43,5.6,36.9,22.6,18.9,5.6,22.8,19.8,20.9,14,23.1,1
2022-01-30 23:12:58,5.6,36.7,22.6,18.9,5.6,22.8,19.8,20.8,15,23.1,1
2022-01-30 23:18:12,5.6,35.9,22.6,18.9,5.6,22.8,19.8,20.6,16,23.1,1
2022-01-30 23:23:26,5.9,34.9,22.5,18.9,5.6,22.8,19.8,20.5,17,23.1,1
2022-01-30 23:28:40,5.9,30.3,22.5,18.9,5.6,22.8,19.8,20.4,18,23.1,1
2022-01-30 23:33:54,6.0,32.9,22.6,18.9,5.6,22.8,19.8,20.2,19,23.1,1
2022-01-30 23:39:08,5.6,34.8,22.7,18.8,5.6,22.8,19.8,20.1,20,23.1,1
2022-01-30 23:44:23,5.2,32.6,22.8,18.8,5.6,22.8,19.8,20.0,21,23.1,1
2022-01-30 23:49:37,5.3,34.7,22.8,18.8,5.6,22.8,19.8,19.8,-1,22.8,0
2022-01-30 23:54:51,5.3,37.2,22.9,18.8,5.5,22.8,19.8,22.8,0,22.8,0
2022-01-31 00:00:05,5.3,37.7,22.9,18.8,5.5,22.8,19.8,22.6,1,22.8,0
2022-01-31 00:05:19,5.0,36.1,23.0,18.8,5.5,22.8,19.8,22.4,2,22.8,0
2022-01-31 00:10:33,5.1,33.8,23.1,18.8,5.5,22.8,19.8,22.3,3,22.8,0
2022-01-31 00:15:48,5.2,31.9,23.3,18.8,5.5,22.8,19.8,22.1,4,22.8,0
2022-01-31 00:21:02,5.2,30.3,23.3,18.8,5.5,22.8,19.8,22.0,5,22.8,0
2022-01-31 00:26:16,5.2,29.0,23.3,18.8,5.5,22.8,19.8,21.8,6,22.8,0
2022-01-31 00:31:30,5.4,27.9,23.2,18.8,5.5,22.8,19.8,21.6,7,22.8,0
2022-01-31 00:36:44,5.4,26.9,23.2,18.8,5.5,22.8,19.8,21.5,8,22.8,0
2022-01-31 00:41:58,5.5,26.2,23.1,18.8,5.5,22.8,19.8,21.3,9,22.8,0
2022-01-31 00:47:13,5.5,25.7,23.0,18.8,5.5,22.8,19.8,21.2,10,22.8,0
2022-01-31 00:52:27,5.1,25.1,22.9,18.8,5.5,22.8,19.8,21.0,11,22.8,0
2022-01-31 00:57:41,4.9,24.8,22.9,18.8,5.5,22.8,19.8,20.9,12,22.8,0
2022-01-31 01:02:55,5.0,24.7,22.8,18.8,5.5,22.8,19.8,20.7,13,22.8,0
2022-01-31 01:08:09,5.2,24.5,22.8,18.8,5.6,22.8,19.8,20.6,14,22.8,0
2022-01-31 01:13:24,5.4,24.4,22.8,18.8,5.6,22.8,19.8,20.4,15,22.8,0
2022-01-31 01:18:38,5.4,24.4,22.8,18.8,5.6,22.8,19.8,20.3,16,22.8,0
2022-01-31 01:23:52,5.0,24.5,22.8,18.8,5.6,22.8,19.8,20.2,17,22.8,0
2022-01-31 01:29:06,5.1,24.6,22.8,18.8,5.6,22.8,19.8,20.0,18,22.8,0
2022-01-31 01:34:20,5.4,24.6,22.9,18.8,5.6,22.8,19.8,19.9,19,22.8,0
2022-01-31 01:39:35,5.3,24.7,22.9,18.8,5.6,22.8,19.8,19.8,-1,22.9,0
2022-01-31 01:44:49,5.1,24.9,22.9,18.8,5.6,22.8,19.8,22.9,0,22.9,0
2022-01-31 01:50:03,4.5,25.0,22.9,18.8,5.6,22.8,19.8,22.7,1,22.9,0
2022-01-31 01:55:17,4.5,25.0,22.9,18.8,5.6,22.8,19.8,22.5,2,22.9,0
2022-01-31 02:00:31,4.6,24.9,22.8,18.8,5.5,22.8,19.8,22.4,3,22.9,0
2022-01-31 02:05:45,4.6,24.9,22.7,18.8,5.5,22.8,19.8,22.2,4,22.9,0
2022-01-31 02:11:00,4.6,24.8,22.7,18.8,5.5,22.8,19.8,22.0,5,22.9,0
2022-01-31 02:16:14,4.3,24.6,22.5,18.8,5.5,22.8,19.8,21.9,6,22.9,0
2022-01-31 02:21:28,3.8,24.4,22.3,18.8,5.5,22.8,19.8,21.7,7,22.9,0
2022-01-31 02:26:42,3.9,24.2,22.2,18.8,5.4,22.8,19.8,21.6,8,22.9,0
2022-01-31 02:31:56,3.9,23.9,22.2,18.7,5.4,22.8,19.8,21.4,9,22.9,0
2022-01-31 02:37:11,4.0,23.7,22.1,18.7,5.4,22.8,19.8,21.3,10,22.9,0
2022-01-31 02:42:25,4.1,23.4,22.0,18.7,5.4,22.9,19.9,21.1,11,22.9,0
2022-01-31 02:47:39,4.2,23.3,21.9,18.7,5.3,22.9,19.9,21.0,12,22.9,0
2022-01-31 02:52:53,4.3,23.2,21.9,18.7,5.3,22.9,19.9,20.8,13,22.9,0
2022-01-31 02:58:07,4.4,23.1,21.9,18.7,5.3,22.9,19.9,20.7,14,22.9,0
2022-01-31 03:03:21,4.2,23.0,21.9,18.6,5.2,22.9,19.9,20.5,15,22.9,0
2022-01-31 03:08:36,4.2,23.1,21.9,18.6,5.2,22.9,19.9,20.4,16,22.9,0
2022-01-31 03:13:50,4.3,23.2,21.9,18.6,5.2,22.9,19.9,20.3,17,22.9,0
2022-01-31 03:19:04,4.3,23.4,21.9,18.6,5.2,22.9,19.9,20.1,18,22.9,0
2022-01-31 03:24:18,4.2,23.6,21.9,18.6,5.1,22.9,19.9,20.0,19,22.9,0
2022-01-31 03:29:32,4.3,23.7,22.0,18.6,5.1,23.0,20.0,19.9,-1,22.9,1
2022-01-31 03:34:46,4.4,25.5,22.2,18.6,5.1,23.0,20.0,22.9,0,22.9,1
2022-01-31 03:40:00,4.4,34.5,21.2,18.6,5.1,23.0,20.0,22.7,1,22.9,1
2022-01-31 03:45:15,4.5,37.1,21.2,18.6,5.1,23.0,20.0,22.5,2,22.9,1
2022-01-31 03:50:29,4.5,37.6,21.4,18.6,5.0,23.0,20.0,22.4,3,22.9,1
2022-01-31 03:55:43,4.5,37.4,21.6,18.6,5.0,23.0,20.0,22.2,4,22.9,1
2022-01-31 04:00:57,4.4,37.0,21.7,18.6,5.0,23.0,20.0,22.0,5,22.9,1
2022-01-31 04:06:11,4.4,36.4,21.8,18.6,5.0,23.0,20.0,21.9,6,22.9,1
2022-01-31 04:11:25,4.5,33.6,21.7,18.6,5.0,23.0,20.0,21.7,7,22.9,1
2022-01-31 04:16:39,4.6,37.5,21.9,18.6,5.0,23.0,20.0,21.6,8,22.9,1
2022-01-31 04:21:54,4.5,37.2,21.9,18.7,5.0,23.0,20.0,21.4,9,22.9,1
2022-01-31 04:27:08,4.5,38.4,22.0,18.7,4.9,23.0,20.0,21.3,10,22.9,1
2022-01-31 04:32:22,4.5,37.8,22.0,18.7,4.9,23.0,20.0,21.1,11,22.9,1
2022-01-31 04:37:36,4.4,38.1,22.0,18.7,4.9,23.0,20.0,21.0,12,22.9,1
2022-01-31 04:42:50,4.4,38.3,22.1,18.7,4.9,23.0,20.0,20.8,13,22.9,1
2022-01-31 04:48:05,4.5,37.8,22.1,18.7,4.9,23.0,20.0,20.7,14,22.9,1
2022-01-31 04:53:19,4.6,37.3,22.1,18.7,4.9,23.1,20.1,20.5,15,22.9,1
2022-01-31 04:58:33,4.6,37.8,22.2,18.7,4.9,23.1,20.1,20.4,16,22.9,1
2022-01-31 05:03:47,4.6,39.8,22.3,18.7,4.8,23.1,20.1,20.3,17,22.9,1
2022-01-31 05:09:01,4.6,38.1,22.2,18.7,4.8,23.1,20.1,20.1,18,22.9,1
2022-01-31 05:14:15,4.6,38.3,22.2,18.8,4.8,23.1,20.1,20.0,19,22.9,1
2022-01-31 05:19:30,4.6,37.8,22.3,18.8,4.8,23.1,20.1,19.9,20,22.9,1
2022-01-31 05:24:44,4.6,38.6,22.4,18.8,4.8,23.1,20.1,19.7,21,22.9,1
2022-01-31 05:29:58,4.5,37.8,22.5,18.8,4.8,23.1,20.1,19.6,22,22.9,1
2022-01-31 05:35:12,4.6,34.4,22.4,18.8,4.8,23.1,20.1,19.5,23,22.9,1
2022-01-31 05:40:26,4.5,31.1,22.3,18.8,4.7,23.1,20.1,19.3,24,22.9,1
2022-01-31 05:45:41,4.5,36.2,22.3,18.8,4.7,23.1,20.1,19.2,25,22.9,1
2022-01-31 05:50:55,4.4,37.3,22.5,18.8,4.7,23.1,20.1,19.1,26,22.9,1
2022-01-31 05:56:09,4.4,37.1,22.5,18.8,4.7,23.1,20.1,19.0,27,22.9,1
2022-01-31 06:01:23,4.5,37.2,22.5,18.8,4.7,23.1,20.1,18.9,28,22.9,1
2022-01-31 06:06:37,4.5,37.0,22.5,18.8,4.7,23.1,20.1,18.8,29,22.9,1
2022-01-31 06:11:51,4.5,37.0,22.4,18.8,4.7,23.1,20.1,18.7,30,22.9,1
2022-01-31 06:17:06,4.5,33.1,22.3,18.9,4.6,23.1,20.1,18.5,31,22.9,1
2022-01-31 06:22:20,4.5,33.3,22.4,18.9,4.6,23.1,20.1,18.4,32,22.9,1
2022-01-31 06:27:34,4.4,36.3,22.5,18.9,4.6,23.2,20.2,18.3,33,22.9,1
2022-01-31 06:32:48,4.2,34.6,22.5,18.9,4.6,23.2,20.2,18.2,34,22.9,1
2022-01-31 06:38:02,4.3,30.5,22.8,18.8,4.6,23.2,20.2,18.1,35,22.9,1
2022-01-31 06:43:17,4.4,30.4,22.2,18.9,4.6,23.2,20.2,18.0,36,22.9,1
2022-01-31 06:48:31,4.4,32.0,22.1,18.9,4.6,23.2,20.2,17.9,37,22.9,1
2022-01-31 06:53:45,4.4,35.4,22.5,18.9,4.6,23.2,20.2,17.8,38,22.9,1
2022-01-31 06:58:59,4.4,35.3,22.2,18.9,4.5,23.2,20.2,17.7,39,22.9,1
2022-01-31 07:04:13,4.4,35.2,22.1,18.9,4.5,23.2,20.2,17.7,40,22.9,1
2022-01-31 07:09:27,4.2,33.0,22.0,18.9,4.5,23.2,20.2,17.6,41,22.9,1
2022-01-31 07:14:41,4.2,35.0,22.3,18.9,4.5,23.2,20.2,17.5,42,22.9,1
2022-01-31 07:19:56,4.2,35.2,22.5,18.9,4.5,23.2,20.2,17.4,43,22.9,1
2022-01-31 07:25:10,4.1,35.1,22.3,18.9,4.5,23.2,20.2,17.3,44,22.9,1
2022-01-31 07:30:24,4.1,32.8,22.2,18.9,4.5,23.2,20.2,17.2,45,22.9,1
2022-01-31 07:35:38,4.1,35.1,22.2,18.9,4.4,23.2,20.2,17.2,46,22.9,1
2022-01-31 07:40:53,4.1,37.1,22.5,18.9,4.4,23.2,20.2,17.1,47,22.9,1
2022-01-31 07:46:07,4.0,32.4,22.5,18.9,4.4,23.2,20.2,17.0,48,22.9,1
2022-01-31 07:51:21,3.9,36.1,22.6,18.9,4.4,23.2,20.2,16.9,49,22.9,1
2022-01-31 07:56:35,3.8,34.1,22.7,18.8,4.4,23.3,20.3,16.9,50,22.9,1
2022-01-31 08:01:49,3.8,36.9,22.9,18.8,4.4,23.3,20.3,16.8,51,22.9,1
2022-01-31 08:07:03,3.9,35.9,22.9,18.7,4.3,23.3,20.3,16.7,52,22.9,1
2022-01-31 08:12:18,3.9,35.0,23.1,18.7,4.3,23.3,20.3,16.7,53,22.9,1
2022-01-31 08:17:32,4.0,33.7,23.3,18.7,4.3,23.3,20.3,16.6,-1,23.3,0
2022-01-31 08:22:46,4.1,34.6,23.4,18.7,4.3,23.3,20.3,23.3,0,23.3,0
2022-01-31 08:28:00,4.1,36.8,23.6,18.7,4.3,23.3,20.3,23.1,1,23.3,0
2022-01-31 08:33:14,4.1,35.5,23.8,18.7,4.3,23.3,20.3,22.9,2,23.3,0
2022-01-31 08:38:29,4.1,33.4,24.0,18.7,4.3,23.3,20.3,22.8,3,23.3,0
2022-01-31 08:43:43,4.1,31.7,24.2,18.7,4.3,23.3,20.3,22.6,4,23.3,0
2022-01-31 08:48:57,4.2,30.5,24.5,18.7,4.3,23.3,20.3,22.5,5,23.3,0
2022-01-31 08:54:11,4.1,29.8,24.7,18.7,4.3,23.3,20.3,22.3,6,23.3,0
2022-01-31 08:59:25,4.1,29.3,24.9,18.7,4.3,23.3,20.3,22.1,7,23.3,0
2022-01-31 09:04:39,4.1,28.9,25.0,18.7,4.3,23.3,20.3,22.0,8,23.3,0
2022-01-31 09:09:53,4.0,28.7,25.2,18.7,4.3,23.3,20.3,21.8,9,23.3,0
2022-01-31 09:15:08,4.2,28.5,25.3,18.8,4.3,23.3,20.3,21.7,10,23.3,0
2022-01-31 09:20:22,4.3,28.2,25.3,18.9,4.3,23.3,20.3,21.5,11,23.3,0
2022-01-31 09:25:36,4.1,28.0,25.3,18.9,4.3,23.3,20.3,21.4,12,23.3,0
2022-01-31 09:30:50,4.0,27.6,25.1,18.8,4.3,23.3,20.3,21.2,13,23.3,0
2022-01-31 09:36:04,3.9,27.1,24.8,18.8,4.3,23.3,20.3,21.1,14,23.3,0
2022-01-31 09:41:18,3.9,26.7,24.7,18.9,4.3,23.3,20.3,20.9,15,23.3,0
2022-01-31 09:46:33,4.2,26.4,24.6,19.1,4.3,23.3,20.3,20.8,16,23.3,0
2022-01-31 09:51:47,4.3,26.1,24.5,19.4,4.3,23.3,20.3,20.7,17,23.3,0
2022-01-31 09:57:01,4.4,25.8,24.3,19.5,4.3,23.3,20.3,20.5,18,23.3,0
2022-01-31 10:02:15,4.3,25.6,24.2,19.6,4.3,23.3,20.3,20.4,19,23.3,0
2022-01-31 10:07:30,4.5,25.4,24.1,19.8,4.3,23.3,20.3,20.3,-1,24.1,0
2022-01-31 10:12:44,4.6,25.2,23.9,19.9,4.3,23.3,20.3,24.1,0,24.1,0
2022-01-31 10:17:58,4.7,25.0,23.8,20.0,4.3,23.3,20.3,23.9,1,24.1,0
2022-01-31 10:23:12,4.8,24.8,23.6,20.1,4.3,23.3,20.3,23.7,2,24.1,0
2022-01-31 10:28:26,4.8,24.5,23.5,20.2,4.3,23.3,20.3,23.6,3,24.1,0
2022-01-31 10:33:41,4.9,24.2,23.2,20.4,4.3,23.3,20.3,23.4,4,24.1,0
2022-01-31 10:38:55,4.9,23.9,23.0,20.5,4.3,23.3,20.3,23.2,5,24.1,0
2022-01-31 10:44:09,5.1,23.6,22.8,20.6,4.3,23.3,20.3,23.1,6,24.1,0
2022-01-31 10:49:23,5.1,23.3,22.6,20.7,4.3,23.3,20.3,22.9,7,24.1,0
2022-01-31 10:54:37,5.1,23.0,22.4,20.8,4.3,23.3,20.3,22.8,8,24.1,0
2022-01-31 10:59:52,5.2,22.7,22.2,20.8,4.4,23.3,20.3,22.6,9,24.1,0
2022-01-31 11:05:06,5.2,22.5,22.0,20.9,4.4,23.3,20.3,22.5,10,24.1,0
2022-01-31 11:10:20,5.3,22.2,21.9,21.0,4.4,23.3,20.3,22.3,11,24.1,0
2022-01-31 11:15:34,5.4,22.0,21.7,21.1,4.4,23.2,20.2,22.2,12,24.1,0
2022-01-31 11:20:48,5.4,21.8,21.6,21.1,4.4,23.2,20.2,22.0,13,24.1,0
2022-01-31 11:26:02,5.5,21.7,21.4,21.1,4.4,23.2,20.2,21.9,14,24.1,0
2022-01-31 11:31:16,5.5,21.5,21.3,21.2,4.4,23.2,20.2,21.7,15,24.1,0
2022-01-31 11:36:31,5.6,21.3,21.1,21.2,4.4,23.2,20.2,21.6,16,24.1,0
2022-01-31 11:41:45,5.8,21.2,21.0,21.3,4.4,23.2,20.2,21.4,17,24.1,0
2022-01-31 11:46:59,5.8,21.0,20.9,21.4,4.5,23.2,20.2,21.3,18,24.1,0
2022-01-31 11:52:13,5.9,20.9,20.8,21.4,4.5,23.2,20.2,21.2,19,24.1,0
2022-01-31 11:57:27,5.9,20.8,20.7,21.5,4.5,23.2,20.2,21.0,20,24.1,0
2022-01-31 12:02:42,5.8,20.7,20.6,21.5,4.5,23.2,20.2,20.9,21,24.1,0
2022-01-31 12:07:56,5.8,20.6,20.5,21.5,4.5,23.2,20.2,20.8,22,24.1,0
2022-01-31 12:13:10,5.8,20.5,20.5,21.6,4.6,23.2,20.2,20.7,23,24.1,0
2022-01-31 12:18:24,5.9,20.4,20.4,21.6,4.6,23.2,20.2,20.5,24,24.1,0
2022-01-31 12:23:38,5.9,20.3,20.3,21.6,4.6,23.2,20.2,20.4,25,24.1,0
2022-01-31 12:28:53,6.1,20.3,20.2,21.6,4.6,23.2,20.2,20.3,26,24.1,0
2022-01-31 12:34:07,6.0,20.2,20.2,21.6,4.6,23.1,20.1,20.2,27,24.1,0
2022-01-31 12:39:21,6.1,20.1,20.1,21.6,4.7,23.1,20.1,20.1,-1,24.1,1
2022-01-31 12:44:35,6.0,20.1,20.0,21.5,4.7,23.1,20.1,24.1,0,24.1,1
2022-01-31 12:49:49,6.0,20.0,20.0,21.5,4.7,23.1,20.1,23.9,1,24.1,1
2022-01-31 12:55:16,6.1,20.0,19.9,21.6,4.7,23.1,20.1,23.7,2,24.1,1
2022-01-31 13:00:31,6.4,19.9,19.9,21.5,4.8,23.1,20.1,23.6,3,24.1,1
2022-01-31 13:05:45,6.0,19.9,19.8,21.2,4.8,23.1,20.1,23.4,4,24.1,1
2022-01-31 13:10:59,5.8,19.8,19.8,20.9,4.8,23.1,20.1,23.2,5,24.1,1
2022-01-31 13:16:14,5.8,19.8,19.7,20.8,4.8,23.1,20.1,23.1,6,24.1,1
2022-01-31 13:21:28,5.8,19.7,19.7,20.8,4.8,23.1,20.1,22.9,7,24.1,1
2022-01-31 13:26:42,6.0,19.7,19.6,20.8,4.9,23.1,20.1,22.8,8,24.1,1
2022-01-31 13:31:56,6.4,19.6,19.6,20.9,4.9,23.0,20.0,22.6,9,24.1,1
2022-01-31 13:37:11,6.2,19.6,19.5,20.7,4.9,23.0,20.0,22.5,10,24.1,1
2022-01-31 13:42:25,5.8,19.6,19.5,20.5,5.0,23.0,20.0,22.3,11,24.1,1
2022-01-31 13:47:39,5.7,19.5,19.4,20.4,5.0,23.0,20.0,22.2,12,24.1,1
2022-01-31 13:52:53,5.8,19.5,19.4,20.3,5.0,23.0,20.0,22.0,13,24.1,1
2022-01-31 13:58:07,6.2,19.4,19.3,20.4,5.0,23.0,20.0,21.9,14,24.1,1
2022-01-31 14:03:21,6.4,19.4,19.3,20.5,5.1,23.0,20.0,21.7,15,24.1,1
2022-01-31 14:08:36,6.2,19.4,19.2,20.5,5.1,23.0,20.0,21.6,16,24.1,1
2022-01-31 14:13:50,6.2,19.3,19.2,20.4,5.1,22.9,19.9,21.4,17,24.1,1
2022-01-31 14:19:04,6.2,19.3,19.2,20.3,5.2,22.9,19.9,21.3,18,24.1,1
2022-01-31 14:24:18,6.3,19.2,19.1,20.3,5.2,22.9,19.9,21.2,19,24.1,1
2022-01-31 14:29:32,6.2,19.2,19.1,20.2,5.2,22.9,19.9,21.0,20,24.1,1
2022-01-31 14:34:46,6.2,19.2,19.0,20.1,5.3,22.9,19.9,20.9,21,24.1,1
2022-01-31 14:40:01,6.2,19.1,19.0,20.0,5.3,22.9,19.9,20.8,22,24.1,1
2022-01-31 14:45:15,6.2,19.1,19.0,19.9,5.3,22.9,19.9,20.7,23,24.1,1
2022-01-31 14:50:29,6.2,19.1,18.9,19.8,5.3,22.9,19.9,20.5,24,24.1,1
2022-01-31 14:55:43,6.2,19.0,18.9,19.7,5.4,22.9,19.9,20.4,25,24.1,1
2022-01-31 15:00:57,6.1,19.0,18.8,19.7,5.4,22.8,19.8,20.3,26,24.1,1
2022-01-31 15:06:12,6.1,18.9,18.8,19.6,5.4,22.8,19.8,20.2,27,24.1,1
2022-01-31 15:11:26,6.0,18.9,18.8,19.6,5.5,22.8,19.8,20.1,28,24.1,1
2022-01-31 15:16:40,6.0,18.9,18.8,19.5,5.5,22.8,19.8,20.0,29,24.1,1
2022-01-31 15:21:54,6.0,18.9,18.7,19.4,5.5,22.8,19.8,19.8,30,24.1,1
2022-01-31 15:27:08,6.1,18.8,18.7,19.4,5.5,22.8,19.8,19.7,31,24.1,1
2022-01-31 15:32:22,6.1,18.8,18.6,19.4,5.6,22.8,19.8,19.6,32,24.1,1
2022-01-31 15:37:37,6.0,19.9,18.9,19.3,5.6,22.8,19.8,19.5,33,24.1,1
2022-01-31 15:42:51,5.9,29.3,19.8,19.3,5.6,22.8,19.8,19.4,34,24.1,1
2022-01-31 15:48:05,5.9,31.8,20.3,19.2,5.6,22.7,19.7,19.3,35,24.1,1
2022-01-31 15:53:19,5.8,28.5,20.4,19.2,5.7,22.7,19.7,19.2,36,24.1,1
2022-01-31 15:58:33,5.8,26.5,20.2,19.1,5.7,22.7,19.7,19.1,37,24.1,1
2022-01-31 16:03:47,5.8,25.0,20.0,19.1,5.7,22.7,19.7,19.0,38,24.1,1
2022-01-31 16:09:01,5.8,24.3,19.9,19.1,5.7,22.7,19.7,18.9,39,24.1,1
2022-01-31 16:14:16,5.8,25.7,19.8,19.0,5.8,22.7,19.7,18.8,40,24.1,1
2022-01-31 16:19:30,5.7,31.7,20.3,19.0,5.8,22.7,19.7,18.8,41,24.1,1
2022-01-31 16:24:44,5.7,31.5,20.6,18.9,5.8,22.7,19.7,18.7,42,24.1,1
2022-01-31 16:29:58,5.6,32.4,20.7,18.9,5.8,22.7,19.7,18.6,43,24.1,1
2022-01-31 16:35:12,5.6,30.2,20.7,18.9,5.8,22.7,19.7,18.5,44,24.1,1
2022-01-31 16:40:27,5.6,29.0,20.9,18.9,5.8,22.7,19.7,18.4,45,24.1,1
2022-01-31 16:45:41,5.6,29.7,20.3,18.8,5.8,22.7,19.7,18.3,46,24.1,1
2022-01-31 16:50:55,5.6,30.2,20.6,18.8,5.8,22.7,19.7,18.3,47,24.1,1
2022-01-31 16:56:09,5.5,33.8,20.8,18.8,5.9,22.7,19.7,18.2,48,24.1,1
2022-01-31 17:01:23,5.6,32.2,20.9,18.8,5.9,22.7,19.7,18.1,49,24.1,1
2022-01-31 17:06:37,5.5,34.6,21.0,18.8,5.9,22.7,19.7,18.0,50,24.1,1
2022-01-31 17:11:52,5.4,32.2,20.9,18.7,5.9,22.7,19.7,18.0,51,24.1,1
2022-01-31 17:17:06,5.3,29.5,20.4,18.7,5.9,22.6,19.6,17.9,52,24.1,1
2022-01-31 17:22:20,5.4,28.1,20.5,18.7,5.9,22.6,19.6,17.8,53,24.1,1
2022-01-31 17:27:34,5.4,34.0,20.9,18.7,5.9,22.6,19.6,17.8,54,24.1,1
2022-01-31 17:32:48,5.4,34.5,21.2,18.7,5.9,22.6,19.6,17.7,55,24.1,1
2022-01-31 17:38:03,5.4,33.1,21.3,18.6,5.9,22.6,19.6,17.7,56,24.1,1
2022-01-31 17:43:17,5.5,38.7,21.7,18.6,5.9,22.6,19.6,17.6,57,24.1,1
2022-01-31 17:48:31,5.5,30.9,21.6,18.8,5.9,22.6,19.6,17.6,58,24.1,1
2022-01-31 17:53:45,5.5,26.4,21.4,19.1,5.9,22.6,19.6,17.5,59,24.1,1
2022-01-31 17:58:59,5.5,24.6,21.4,20.0,5.9,22.7,19.7,17.5,60,24.1,1
2022-01-31 18:04:13,5.5,23.6,21.2,21.2,5.9,22.7,19.7,17.4,61,24.1,1
2022-01-31 18:09:28,5.5,29.3,21.2,22.3,5.9,22.7,19.7,17.4,62,24.1,1
2022-01-31 18:14:42,5.5,33.1,21.5,22.8,5.9,22.7,19.7,17.3,63,24.1,1
2022-01-31 18:19:56,5.5,31.4,21.3,23.0,5.9,22.7,19.7,17.3,64,24.1,1
2022-01-31 18:25:10,5.5,29.2,21.2,23.6,5.8,22.7,19.7,17.2,65,24.1,1
2022-01-31 18:30:24,5.5,28.3,21.1,24.9,5.8,22.7,19.7,17.2,66,24.1,1
2022-01-31 18:35:39,5.5,32.1,21.0,25.7,5.8,22.7,19.7,17.2,67,24.1,1
2022-01-31 18:40:53,5.5,31.3,21.1,25.8,5.8,22.7,19.7,17.1,68,24.1,1
2022-01-31 18:46:07,5.4,31.1,21.0,25.9,5.8,22.7,19.7,17.1,69,24.1,1
2022-01-31 18:51:21,5.5,30.1,21.0,25.8,5.8,22.7,19.7,17.1,70,24.1,1
2022-01-31 18:56:35,5.5,33.0,21.3,25.4,5.8,22.7,19.7,17.0,71,24.1,1
2022-01-31 19:01:49,5.5,30.0,21.5,24.9,5.8,22.7,19.7,17.0,72,24.1,1
2022-01-31 19:07:03,5.5,26.6,21.5,24.2,5.8,22.7,19.7,17.0,73,24.1,1
2022-01-31 19:12:18,5.6,25.3,21.3,24.0,5.8,22.7,19.7,17.0,74,24.1,1
2022-01-31 19:17:39,5.6,27.1,21.1,23.8,5.8,22.7,19.7,17.0,75,24.1,1
2022-01-31 19:23:03,9.5,28.3,21.1,24.3,5.8,22.7,19.7,16.9,76,24.1,1
2022-01-31 19:28:17,5.7,28.6,21.0,24.0,5.8,22.7,19.7,16.9,77,24.1,1
2022-01-31 19:33:31,5.7,27.3,21.0,23.1,5.8,22.7,19.7,16.9,78,24.1,1
2022-01-31 19:38:45,5.8,25.8,20.9,22.6,5.8,22.7,19.7,16.9,79,24.1,1
2022-01-31 19:43:59,5.8,24.7,20.9,22.4,5.8,22.7,19.7,16.9,80,24.1,1
2022-01-31 19:49:14,5.8,23.9,20.8,22.3,5.8,22.7,19.7,16.9,81,24.1,1
2022-01-31 19:54:28,5.9,23.2,20.8,22.3,5.8,22.7,19.7,16.9,82,24.1,1
2022-01-31 19:59:42,5.8,25.3,20.8,22.3,5.8,22.7,19.7,16.9,83,24.1,1
2022-01-31 20:04:56,5.8,29.1,21.3,22.6,5.8,22.7,19.7,16.9,84,24.1,1
2022-01-31 20:10:10,5.7,33.0,21.7,22.7,5.8,22.7,19.7,16.9,85,24.1,1
2022-01-31 20:15:25,5.6,32.2,21.8,22.8,5.8,22.7,19.7,16.9,86,24.1,1
2022-01-31 20:20:39,5.6,29.6,21.7,22.8,5.8,22.7,19.7,16.9,87,24.1,1
2022-01-31 20:25:53,5.7,27.6,21.5,23.2,5.8,22.7,19.7,16.9,88,24.1,1
2022-01-31 20:31:07,5.7,26.9,21.3,23.4,5.8,22.7,19.7,16.9,89,24.1,1
2022-01-31 20:36:21,5.8,32.4,21.6,23.1,5.8,22.7,19.7,16.9,90,24.1,1
2022-01-31 20:41:35,5.8,33.0,21.8,23.0,5.8,22.7,19.7,16.9,91,24.1,1
2022-01-31 20:46:49,5.8,30.1,22.0,22.8,5.8,22.7,19.7,16.9,92,24.1,1
2022-01-31 20:52:04,5.8,28.7,22.0,22.7,5.8,22.7,19.7,17.0,93,24.1,1
2022-01-31 20:57:18,5.8,27.1,21.8,22.8,5.7,22.7,19.7,17.0,94,24.1,1
2022-01-31 21:02:32,5.8,25.9,21.8,23.0,5.7,22.7,19.7,17.0,95,24.1,1
2022-01-31 21:07:46,5.9,27.8,21.6,22.7,5.7,22.7,19.7,17.0,96,24.1,1
2022-01-31 21:13:01,5.9,29.2,21.9,22.4,5.7,22.7,19.7,17.1,97,24.1,1
2022-01-31 21:18:15,5.9,33.8,22.2,22.3,5.7,22.7,19.7,17.1,98,24.1,1
2022-01-31 21:23:29,5.9,32.0,22.4,22.4,5.7,22.7,19.7,17.1,99,24.1,1
2022-01-31 21:28:44,5.9,34.1,22.5,22.4,5.7,22.7,19.7,17.1,100,24.1,1
2022-01-31 21:33:58,5.9,32.6,22.5,22.1,5.7,22.7,19.7,17.2,101,24.1,1
2022-01-31 21:39:12,5.9,30.4,22.2,22.0,5.7,22.7,19.7,17.2,102,24.1,1
2022-01-31 21:44:26,5.8,30.7,22.1,22.0,5.7,22.7,19.7,17.2,103,24.1,1
2022-01-31 21:49:40,5.8,33.7,22.5,21.8,5.7,22.7,19.7,17.3,104,24.1,1
2022-01-31 21:54:54,5.9,32.2,22.6,21.7,5.7,22.7,19.7,17.3,105,24.1,1
2022-01-31 22:00:09,5.9,35.1,22.8,21.6,5.7,22.7,19.7,17.4,-1,22.8,0
2022-01-31 22:05:23,5.9,32.8,22.9,21.5,5.7,22.7,19.7,22.8,0,22.8,0
2022-01-31 22:10:37,5.9,34.9,23.0,21.3,5.7,22.7,19.7,22.6,1,22.8,0
2022-01-31 22:15:51,6.0,33.7,23.0,21.2,5.7,22.7,19.7,22.5,2,22.8,0
2022-01-31 22:21:05,5.9,31.4,22.8,21.2,5.7,22.7,19.7,22.3,3,22.8,0
2022-01-31 22:26:20,5.9,29.5,22.8,21.1,5.7,22.7,19.7,22.1,4,22.8,0
2022-01-31 22:31:34,5.9,27.9,22.7,21.1,5.7,22.7,19.7,22.0,5,22.8,0
2022-01-31 22:36:48,5.9,26.6,22.6,21.0,5.7,22.7,19.7,21.8,6,22.8,0
2022-01-31 22:42:02,6.0,25.7,22.4,20.9,5.7,22.7,19.7,21.6,7,22.8,0
2022-01-31 22:47:16,5.9,25.1,22.3,20.8,5.7,22.7,19.7,21.5,8,22.8,0
2022-01-31 22:52:30,6.0,24.6,22.2,20.8,5.7,22.7,19.7,21.3,9,22.8,0
2022-01-31 22:57:45,6.0,24.2,22.1,20.7,5.7,22.7,19.7,21.2,10,22.8,0
2022-01-31 23:02:59,6.1,23.9,21.9,20.6,5.8,22.7,19.7,21.0,11,22.8,0
2022-01-31 23:08:13,6.1,23.6,21.7,20.6,5.8,22.7,19.7,20.9,12,22.8,0
2022-01-31 23:13:27,6.1,23.3,21.6,20.5,5.8,22.7,19.7,20.7,13,22.8,0
2022-01-31 23:18:41,6.2,23.1,21.4,20.4,5.8,22.7,19.7,20.6,14,22.8,0
2022-01-31 23:23:55,6.2,22.7,21.3,20.4,5.8,22.7,19.7,20.5,15,22.8,0
2022-01-31 23:29:10,6.2,22.5,21.1,20.3,5.8,22.7,19.7,20.3,16,22.8,0
2022-01-31 23:34:24,6.3,22.2,21.0,20.3,5.8,22.7,19.7,20.2,17,22.8,0
2022-01-31 23:39:38,6.4,22.0,20.8,20.2,5.8,22.7,19.7,20.0,18,22.8,0
2022-01-31 23:44:52,6.3,21.9,20.8,20.2,5.8,22.7,19.7,19.9,19,22.8,0
2022-01-31 23:50:06,6.4,21.8,20.7,20.1,5.9,22.7,19.7,19.8,20,22.8,0
2022-01-31 23:55:20,6.4,21.8,20.6,20.1,5.9,22.7,19.7,19.7,-1,22.8,1
2022-02-01 00:00:35,6.4,22.8,20.7,20.1,5.9,22.6,19.6,22.8,0,22.8,1
2022-02-01 00:05:49,6.4,30.0,21.3,20.0,5.9,22.6,19.6,22.6,1,22.8,1
2022-02-01 00:11:03,6.4,35.0,21.9,19.9,5.9,22.6,19.6,22.5,2,22.8,1
2022-02-01 00:16:17,6.4,33.2,22.2,19.9,5.9,22.6,19.6,22.3,3,22.8,1
2022-02-01 00:21:31,6.4,29.5,22.3,19.9,5.9,22.6,19.6,22.1,4,22.8,1
2022-02-01 00:26:45,6.4,35.5,22.5,19.8,5.9,22.6,19.6,22.0,5,22.8,1
2022-02-01 00:32:00,6.4,37.8,22.6,19.8,6.0,22.6,19.6,21.8,6,22.8,1
2022-02-01 00:37:14,6.5,34.9,22.7,19.8,6.0,22.6,19.6,21.6,-1,22.7,0
2022-02-01 00:42:28,6.5,35.9,22.8,19.8,6.0,22.6,19.6,22.7,0,22.7,0
2022-02-01 00:47:42,6.5,33.5,22.8,19.7,6.0,22.6,19.6,22.5,1,22.7,0
2022-02-01 00:52:56,6.6,29.5,22.8,19.7,6.0,22.6,19.6,22.4,2,22.7,0
2022-02-01 00:58:10,6.6,27.8,22.6,19.7,6.0,22.6,19.6,22.2,3,22.7,0
2022-02-01 01:03:25,6.6,26.7,22.5,19.6,6.0,22.6,19.6,22.0,4,22.7,0
2022-02-01 01:08:39,6.6,26.1,22.4,19.6,6.1,22.6,19.6,21.9,5,22.7,0
2022-02-01 01:13:53,6.6,25.7,22.3,19.6,6.1,22.6,19.6,21.7,6,22.7,0
2022-02-01 01:19:07,6.6,25.7,22.2,19.6,6.1,22.6,19.6,21.5,7,22.7,0
2022-02-01 01:24:21,6.6,25.8,22.1,19.6,6.1,22.6,19.6,21.4,8,22.7,0
2022-02-01 01:29:35,6.6,25.6,22.0,19.5,6.1,22.6,19.6,21.2,9,22.7,0
2022-02-01 01:34:50,6.6,25.3,22.0,19.5,6.1,22.5,19.5,21.1,10,22.7,0
2022-02-01 01:40:04,6.6,25.0,21.9,19.5,6.1,22.6,19.6,20.9,11,22.7,0
2022-02-01 01:45:18,6.6,24.7,21.8,19.5,6.1,22.6,19.6,20.8,12,22.7,0
2022-02-01 01:50:32,6.6,24.4,21.8,19.4,6.1,22.6,19.6,20.6,13,22.7,0
2022-02-01 01:55:46,6.6,24.2,21.7,19.4,6.1,22.5,19.5,20.5,14,22.7,0
2022-02-01 02:01:00,6.6,24.1,21.6,19.4,6.1,22.5,19.5,20.4,15,22.7,0
2022-02-01 02:06:15,6.7,24.1,21.6,19.4,6.2,22.5,19.5,20.2,16,22.7,0
2022-02-01 02:11:29,6.8,24.1,21.5,19.4,6.2,22.5,19.5,20.1,17,22.7,0
2022-02-01 02:16:43,6.8,24.2,21.5,19.4,6.2,22.5,19.5,19.9,18,22.7,0
2022-02-01 02:21:57,6.8,24.2,21.4,19.4,6.2,22.5,19.5,19.8,19,22.7,0
2022-02-01 02:27:11,6.8,24.2,21.4,19.3,6.2,22.5,19.5,19.7,20,22.7,0
2022-02-01 02:32:25,6.8,24.3,21.4,19.3,6.2,22.5,19.5,19.6,21,22.7,0
2022-02-01 02:37:40,6.9,24.5,21.4,19.3,6.2,22.5,19.5,19.4,-1,22.7,1
2022-02-01 02:42:54,6.9,26.3,21.7,19.3,6.3,22.5,19.5,22.7,0,22.7,1
2022-02-01 02:48:08,6.9,32.2,21.7,19.2,6.3,22.5,19.5,22.5,1,22.7,1
2022-02-01 02:53:22,6.9,34.5,21.8,19.2,6.3,22.5,19.5,22.4,2,22.7,1
2022-02-01 02:58:36,6.9,36.3,22.1,19.2,6.3,22.5,19.5,22.2,3,22.7,1
2022-02-01 03:03:51,6.9,37.4,22.2,19.2,6.3,22.5,19.5,22.0,4,22.7,1
2022-02-01 03:09:05,6.9,36.9,22.3,19.2,6.3,22.5,19.5,21.9,5,22.7,1
2022-02-01 03:14:19,7.0,34.9,22.4,19.2,6.4,22.5,19.5,21.7,6,22.7,1
2022-02-01 03:19:33,7.0,37.0,22.5,19.2,6.4,22.5,19.5,21.5,-1,22.5,0
2022-02-01 03:24:47,7.0,37.0,22.6,19.2,6.4,22.4,19.4,22.5,0,22.5,0
2022-02-01 03:30:02,7.1,38.5,22.8,19.2,6.4,22.4,19.4,22.4,1,22.5,0
2022-02-01 03:35:16,7.1,37.3,23.1,19.2,6.4,22.4,19.4,22.2,2,22.5,0
2022-02-01 03:40:30,7.1,34.7,23.2,19.2,6.4,22.4,19.4,22.0,3,22.5,0
2022-02-01 03:45:44,7.1,32.5,23.3,19.1,6.5,22.4,19.4,21.9,4,22.5,0
2022-02-01 03:50:58,7.1,30.6,23.4,19.1,6.5,22.4,19.4,21.7,5,22.5,0
2022-02-01 03:56:12,7.2,29.2,23.4,19.1,6.5,22.4,19.4,21.5,6,22.5,0
2022-02-01 04:01:27,7.2,28.0,23.4,19.1,6.5,22.4,19.4,21.4,7,22.5,0
2022-02-01 04:06:41,7.3,27.1,23.3,19.1,6.5,22.4,19.4,21.2,8,22.5,0
2022-02-01 04:11:55,7.3,26.3,23.2,19.1,6.5,22.4,19.4,21.1,9,22.5,0
2022-02-01 04:17:09,7.3,25.8,23.1,19.1,6.6,22.4,19.4,20.9,10,22.5,0
2022-02-01 04:22:23,7.4,25.4,23.0,19.1,6.6,22.4,19.4,20.8,11,22.5,0
2022-02-01 04:27:37,7.4,25.2,22.9,19.1,6.6,22.4,19.4,20.6,12,22.5,0
2022-02-01 04:32:51,7.4,25.1,22.8,19.0,6.6,22.3,19.3,20.5,13,22.5,0
2022-02-01 04:38:06,7.4,25.0,22.6,19.1,6.6,22.3,19.3,20.3,14,22.5,0
2022-02-01 04:43:20,7.5,25.0,22.5,19.0,6.7,22.3,19.3,20.2,15,22.5,0
2022-02-01 04:48:34,7.5,24.9,22.4,19.0,6.7,22.3,19.3,20.1,16,22.5,0
2022-02-01 04:53:48,7.5,24.8,22.3,19.0,6.7,22.3,19.3,19.9,17,22.5,0
2022-02-01 04:59:02,7.5,24.8,22.3,19.0,6.7,22.3,19.3,19.8,18,22.5,0
2022-02-01 05:04:16,7.6,24.7,22.2,19.0,6.8,22.3,19.3,19.6,19,22.5,0
2022-02-01 05:09:31,7.6,24.6,22.2,19.0,6.8,22.3,19.3,19.5,20,22.5,0
2022-02-01 05:14:45,7.6,24.6,22.1,19.0,6.8,22.3,19.3,19.4,21,22.5,0
2022-02-01 05:19:59,7.6,24.5,22.1,19.0,6.8,22.3,19.3,19.3,-1,22.5,1
2022-02-01 05:25:13,7.7,25.5,22.0,19.0,6.8,22.3,19.3,22.5,0,22.5,1
2022-02-01 05:30:27,7.7,32.2,21.4,19.0,6.9,22.3,19.3,22.4,1,22.5,1
2022-02-01 05:35:42,7.7,35.8,21.6,19.0,6.9,22.2,19.2,22.2,2,22.5,1
2022-02-01 05:40:56,7.7,38.0,21.8,19.0,6.9,22.2,19.2,22.0,3,22.5,1
2022-02-01 05:46:10,7.7,37.2,21.9,19.0,6.9,22.2,19.2,21.9,4,22.5,1
2022-02-01 05:51:24,7.8,34.3,22.1,18.9,6.9,22.2,19.2,21.7,5,22.5,1
2022-02-01 05:56:38,7.8,32.4,22.1,19.0,7.0,22.2,19.2,21.5,6,22.5,1
2022-02-01 06:01:52,7.8,33.7,22.0,18.9,7.0,22.2,19.2,21.4,7,22.5,1
2022-02-01 06:07:07,7.8,31.8,22.1,18.9,7.0,22.2,19.2,21.2,8,22.5,1
2022-02-01 06:12:21,7.8,35.3,22.2,18.9,7.0,22.2,19.2,21.1,-1,22.2,0
2022-02-01 06:17:35,7.8,34.3,22.3,18.9,7.0,22.2,19.2,22.2,0,22.2,0
2022-02-01 06:22:49,7.9,35.3,22.4,18.9,7.1,22.2,19.2,22.1,1,22.2,0
2022-02-01 06:28:03,7.9,34.0,22.5,18.9,7.1,22.2,19.2,21.9,2,22.2,0
2022-02-01 06:33:18,7.9,31.9,22.7,18.9,7.1,22.2,19.2,21.7,3,22.2,0
2022-02-01 06:38:32,7.9,30.1,22.8,19.0,7.1,22.1,19.1,21.6,4,22.2,0
2022-02-01 06:43:46,7.9,28.6,22.9,19.0,7.2,22.1,19.1,21.4,5,22.2,0
2022-02-01 06:49:00,7.9,27.4,22.9,19.0,7.2,22.1,19.1,21.3,6,22.2,0
2022-02-01 06:54:14,8.0,26.4,22.8,19.0,7.2,22.1,19.1,21.1,7,22.2,0
2022-02-01 06:59:28,8.0,25.6,22.7,18.9,7.2,22.1,19.1,20.9,8,22.2,0
2022-02-01 07:04:43,8.0,25.0,22.7,18.9,7.2,22.1,19.1,20.8,9,22.2,0
2022-02-01 07:09:57,8.1,24.5,22.5,19.0,7.3,22.1,19.1,20.6,10,22.2,0
2022-02-01 07:15:11,8.1,24.0,22.3,18.9,7.3,22.1,19.1,20.5,11,22.2,0
2022-02-01 07:20:25,8.1,23.6,22.1,18.9,7.3,22.1,19.1,20.3,12,22.2,0
2022-02-01 07:25:39,8.1,23.1,22.0,18.9,7.3,22.1,19.1,20.2,13,22.2,0
2022-02-01 07:30:54,8.1,22.9,21.9,18.9,7.3,22.1,19.1,20.0,14,22.2,0
2022-02-01 07:36:08,8.1,22.9,21.9,18.9,7.4,22.1,19.1,19.9,15,22.2,0
2022-02-01 07:41:22,8.1,22.9,22.0,18.9,7.4,22.0,19.0,19.8,16,22.2,0
2022-02-01 07:46:36,8.2,22.9,22.0,18.9,7.4,22.0,19.0,19.6,17,22.2,0
2022-02-01 07:51:50,8.2,23.0,22.0,19.0,7.4,22.0,19.0,19.5,18,22.2,0
2022-02-01 07:57:04,8.2,23.1,22.0,18.9,7.4,22.0,19.0,19.4,19,22.2,0
2022-02-01 08:02:19,8.2,23.3,22.0,18.9,7.5,22.0,19.0,19.2,20,22.2,0
2022-02-01 08:07:33,8.3,23.4,21.9,18.9,7.5,22.0,19.0,19.1,21,22.2,0
2022-02-01 08:12:47,8.3,23.4,21.9,18.9,7.5,22.0,19.0,19.0,-1,22.2,1
2022-02-01 08:18:01,8.3,23.9,22.0,18.9,7.5,22.0,19.0,22.2,0,22.2,1
2022-02-01 08:23:15,8.3,29.6,21.2,18.9,7.6,22.0,19.0,22.1,1,22.2,1
2022-02-01 08:28:30,8.3,34.6,21.3,18.9,7.6,22.0,19.0,21.9,2,22.2,1
2022-02-01 08:33:45,8.3,30.4,21.3,18.8,7.6,22.0,19.0,21.7,3,22.2,1
2022-02-01 08:39:03,8.4,32.1,21.4,18.7,7.6,22.0,19.0,21.6,4,22.2,1
2022-02-01 08:44:20,8.3,36.0,21.6,18.7,7.6,21.9,18.9,21.4,5,22.2,1
2022-02-01 08:49:36,8.4,38.4,22.0,18.7,7.7,21.9,18.9,21.3,6,22.2,1
2022-02-01 08:54:58,8.4,39.5,22.1,18.7,7.7,21.9,18.9,21.1,-1,22.1,0
2022-02-01 09:00:19,8.4,39.3,22.2,18.7,7.7,21.9,18.9,22.1,0,22.1,0
2022-02-01 09:14:00,8.4,30.7,22.6,18.6,7.7,21.9,18.9,21.9,1,22.1,0
2022-02-01 09:19:47,8.4,28.4,22.9,18.6,7.8,21.9,18.9,21.7,2,22.1,0
2022-02-01 09:25:06,8.4,27.9,23.1,18.6,7.8,21.9,18.9,21.6,3,22.1,0
2022-02-01 09:30:22,8.5,27.7,23.3,18.6,7.8,21.9,18.9,21.4,4,22.1,0
2022-02-01 09:35:52,8.4,27.4,23.6,18.6,7.8,21.9,18.9,21.2,5,22.1,0
2022-02-01 09:41:27,8.5,27.2,23.8,18.7,7.8,21.9,18.9,21.1,6,22.1,0
2022-02-01 09:46:44,8.5,27.3,24.0,18.7,7.9,21.9,18.9,20.9,7,22.1,0
2022-02-01 09:52:08,8.6,27.5,24.1,18.7,7.9,21.8,18.8,20.8,8,22.1,0
2022-02-01 09:57:25,8.6,27.6,24.2,18.7,7.9,21.8,18.8,20.6,9,22.1,0
2022-02-01 10:03:37,8.6,27.6,24.3,18.7,7.9,21.8,18.8,20.4,10,22.1,0
2022-02-01 10:09:31,8.6,27.3,24.2,18.7,7.9,21.8,18.8,20.3,11,22.1,0
2022-02-01 10:14:56,8.6,26.9,24.2,18.7,8.0,21.8,18.8,20.2,12,22.1,0
2022-02-01 10:20:34,8.6,26.5,24.2,18.8,8.0,21.8,18.8,20.0,13,22.1,0
2022-02-01 10:26:02,8.7,26.0,24.0,18.8,8.0,21.8,18.8,19.9,14,22.1,0
2022-02-01 10:31:27,8.7,25.5,23.8,18.8,8.0,21.8,18.8,19.7,15,22.1,0
2022-02-01 10:36:46,8.8,25.1,23.7,18.7,8.0,21.8,18.8,19.6,16,22.1,0
2022-02-01 10:42:19,8.8,24.8,23.6,18.7,8.1,21.8,18.8,19.4,17,22.1,0
2022-02-01 10:47:39,8.8,24.6,23.5,18.8,8.1,21.8,18.8,19.3,18,22.1,0
2022-02-01 10:52:57,8.8,24.5,23.4,18.8,8.1,21.8,18.8,19.2,19,22.1,0
2022-02-01 10:58:23,8.9,24.2,23.2,18.8,8.1,21.7,18.7,19.0,20,22.1,0
2022-02-01 11:03:54,9.0,23.8,23.0,18.8,8.2,21.7,18.7,18.9,21,22.1,0
2022-02-01 11:09:15,9.2,23.6,22.8,18.8,8.2,21.7,18.7,18.8,22,22.1,0
2022-02-01 11:14:32,9.2,23.4,22.7,18.8,8.2,21.7,18.7,18.7,-1,22.7,0
2022-02-01 11:19:48,9.2,23.2,22.6,18.8,8.2,21.7,18.7,22.7,0,22.7,0
2022-02-01 11:25:08,9.2,23.1,22.5,18.8,8.2,21.7,18.7,22.5,1,22.7,0
2022-02-01 11:30:27,9.3,22.9,22.4,18.8,8.3,21.7,18.7,22.3,2,22.7,0
2022-02-01 11:35:44,9.3,22.7,22.2,18.8,8.3,21.7,18.7,22.2,3,22.7,0
2022-02-01 11:41:00,9.2,22.4,22.0,18.9,8.3,21.7,18.7,22.0,4,22.7,0
2022-02-01 11:46:17,9.3,22.2,21.8,18.9,8.3,21.7,18.7,21.9,5,22.7,0
2022-02-01 11:51:32,9.3,22.0,21.6,18.9,8.4,21.7,18.7,21.7,6,22.7,0
2022-02-01 11:56:47,9.3,21.8,21.5,18.9,8.4,21.6,18.6,21.5,7,22.7,0
2022-02-01 12:02:02,9.3,21.7,21.4,18.8,8.4,21.6,18.6,21.4,8,22.7,0
2022-02-01 12:07:17,9.3,21.7,21.3,18.9,8.4,21.6,18.6,21.2,9,22.7,0
2022-02-01 12:12:31,9.4,21.5,21.2,18.8,8.5,21.6,18.6,21.1,10,22.7,0
2022-02-01 12:17:46,9.4,21.4,21.1,18.8,8.5,21.6,18.6,20.9,11,22.7,0
2022-02-01 12:23:00,9.4,21.3,21.0,18.8,8.5,21.6,18.6,20.8,12,22.7,0
2022-02-01 12:28:15,9.3,21.2,20.9,18.8,8.5,21.6,18.6,20.6,13,22.7,0
2022-02-01 12:33:29,9.4,21.1,20.8,18.8,8.5,21.6,18.6,20.5,14,22.7,0
2022-02-01 12:38:44,9.4,21.0,20.7,18.8,8.6,21.6,18.6,20.3,15,22.7,0
2022-02-01 12:43:59,9.4,21.0,20.7,18.8,8.6,21.6,18.6,20.2,16,22.7,0
2022-02-01 12:49:13,9.4,20.9,20.6,18.7,8.6,21.6,18.6,20.1,17,22.7,0
2022-02-01 12:54:39,9.4,20.9,20.5,18.7,8.6,21.5,18.5,19.9,18,22.7,0
2022-02-01 12:59:53,9.6,20.8,20.4,18.8,8.7,21.5,18.5,19.8,19,22.7,0
2022-02-01 13:05:08,9.6,20.6,20.3,18.8,8.7,21.5,18.5,19.7,20,22.7,0
2022-02-01 13:10:22,9.7,20.5,20.2,18.8,8.7,21.5,18.5,19.5,21,22.7,0
2022-02-01 13:15:36,9.7,20.4,20.2,18.8,8.7,21.5,18.5,19.4,22,22.7,0
2022-02-01 13:20:50,9.8,20.3,20.1,18.7,8.8,21.5,18.5,19.3,23,22.7,0
2022-02-01 13:26:05,9.9,20.3,20.1,18.7,8.8,21.5,18.5,19.2,24,22.7,0
2022-02-01 13:31:19,10.0,20.3,20.1,18.7,8.8,21.5,18.5,19.0,25,22.7,0
2022-02-01 13:36:33,10.1,20.3,20.1,18.7,8.8,21.5,18.5,18.9,26,22.7,0
2022-02-01 13:41:48,10.1,20.3,20.1,18.7,8.9,21.5,18.5,18.8,27,22.7,0
2022-02-01 13:47:02,10.0,20.3,20.1,18.7,8.9,21.4,18.4,18.7,28,22.7,0
2022-02-01 13:52:17,10.0,20.3,20.1,18.7,8.9,21.4,18.4,18.6,29,22.7,0
2022-02-01 13:57:31,9.9,20.4,20.1,18.7,8.9,21.4,18.4,18.5,30,22.7,0
2022-02-01 14:02:45,9.9,20.5,20.1,18.6,9.0,21.4,18.4,18.4,-1,22.7,1
2022-02-01 14:08:00,9.9,22.0,20.2,18.6,9.0,21.4,18.4,22.7,0,22.7,1
2022-02-01 14:13:14,9.9,30.3,19.9,18.6,9.0,21.4,18.4,22.5,1,22.7,1
2022-02-01 14:18:29,9.9,33.0,20.0,18.6,9.0,21.4,18.4,22.3,2,22.7,1
2022-02-01 14:23:43,9.8,31.8,19.9,18.6,9.1,21.4,18.4,22.2,3,22.7,1
2022-02-01 14:28:57,9.8,30.1,19.8,18.6,9.1,21.4,18.4,22.0,4,22.7,1
2022-02-01 14:34:11,9.8,28.0,19.7,18.6,9.1,21.4,18.4,21.9,5,22.7,1
2022-02-01 14:39:26,9.8,27.6,20.0,18.6,9.1,21.3,18.3,21.7,6,22.7,1
2022-02-01 14:44:40,9.7,35.2,20.4,18.6,9.2,21.3,18.3,21.5,7,22.7,1
2022-02-01 14:49:54,9.8,32.3,20.6,18.6,9.2,21.3,18.3,21.4,8,22.7,1
2022-02-01 14:55:09,9.8,28.2,20.3,18.6,9.2,21.3,18.3,21.2,9,22.7,1
2022-02-01 15:00:23,9.8,25.6,20.0,18.6,9.2,21.3,18.3,21.1,10,22.7,1
2022-02-01 15:05:37,9.8,24.7,20.0,18.5,9.2,21.3,18.3,20.9,11,22.7,1
2022-02-01 15:10:51,9.7,32.6,20.3,18.5,9.3,21.3,18.3,20.8,12,22.7,1
2022-02-01 15:16:06,9.7,36.0,20.7,18.5,9.3,21.3,18.3,20.6,13,22.7,1
2022-02-01 15:21:20,9.7,32.5,20.8,18.5,9.3,21.3,18.3,20.5,14,22.7,1
2022-02-01 15:26:35,9.7,30.7,20.8,18.5,9.3,21.3,18.3,20.3,15,22.7,1
2022-02-01 15:31:49,9.6,28.8,20.6,18.5,9.3,21.3,18.3,20.2,16,22.7,1
2022-02-01 15:37:03,9.6,32.0,20.7,18.5,9.3,21.3,18.3,20.1,17,22.7,1
2022-02-01 15:42:17,9.6,34.2,20.8,18.5,9.4,21.3,18.3,19.9,18,22.7,1
2022-02-01 15:47:32,9.6,35.2,21.0,18.5,9.4,21.2,18.2,19.8,19,22.7,1
2022-02-01 15:52:46,9.6,33.5,21.1,18.5,9.4,21.2,18.2,19.7,20,22.7,1
2022-02-01 15:58:00,9.6,36.3,21.3,18.4,9.4,21.2,18.2,19.5,-1,21.3,0
2022-02-01 16:03:14,9.6,30.7,21.3,18.4,9.4,21.2,18.2,21.3,0,21.3,0
2022-02-01 16:08:28,9.5,27.4,21.3,18.4,9.4,21.2,18.2,21.1,1,21.3,0
2022-02-01 16:13:43,9.5,26.1,21.4,18.5,9.4,21.2,18.2,20.9,2,21.3,0
2022-02-01 16:18:57,9.5,25.2,21.6,18.5,9.5,21.2,18.2,20.8,3,21.3,0
2022-02-01 16:24:11,9.5,24.6,21.7,18.4,9.5,21.2,18.2,20.6,4,21.3,0
2022-02-01 16:29:26,9.4,24.2,21.8,18.4,9.5,21.2,18.2,20.4,5,21.3,0
2022-02-01 16:34:40,9.4,24.3,21.9,18.4,9.5,21.2,18.2,20.3,6,21.3,0
2022-02-01 16:39:54,9.4,24.6,22.1,18.5,9.5,21.2,18.2,20.1,7,21.3,0
2022-02-01 16:45:08,9.3,25.0,22.2,18.5,9.5,21.2,18.2,20.0,8,21.3,0
2022-02-01 16:50:23,9.3,25.1,22.3,18.5,9.5,21.2,18.2,19.8,9,21.3,0
2022-02-01 16:55:37,9.2,25.2,22.4,18.4,9.5,21.2,18.2,19.7,10,21.3,0
2022-02-01 17:00:51,9.2,25.3,22.5,18.5,9.5,21.2,18.2,19.5,11,21.3,0
2022-02-01 17:06:05,9.2,25.5,22.6,18.5,9.5,21.2,18.2,19.4,12,21.3,0
2022-02-01 17:11:20,9.2,25.8,22.9,18.5,9.5,21.2,18.2,19.2,13,21.3,0
2022-02-01 17:16:34,9.2,25.9,23.1,18.5,9.6,21.2,18.2,19.1,14,21.3,0
2022-02-01 17:21:48,9.2,26.0,23.3,18.4,9.6,21.2,18.2,18.9,15,21.3,0
2022-02-01 17:27:02,9.2,26.3,23.4,18.5,9.6,21.2,18.2,18.8,16,21.3,0
2022-02-01 17:32:17,9.1,26.3,23.4,18.5,9.6,21.2,18.2,18.7,17,21.3,0
2022-02-01 17:37:31,9.2,25.9,23.3,18.5,9.6,21.2,18.2,18.5,18,21.3,0
2022-02-01 17:42:45,9.2,25.8,23.3,18.5,9.6,21.2,18.2,18.4,19,21.3,0
2022-02-01 17:48:00,9.1,25.6,23.2,18.5,9.5,21.2,18.2,18.3,20,21.3,0
2022-02-01 18:04:25,9.1,25.1,23.3,18.5,9.5,21.2,18.2,18.1,-1,23.3,0
2022-02-01 18:09:39,9.0,24.6,23.3,18.5,9.5,21.2,18.2,23.3,0,23.3,0
2022-02-01 18:14:56,9.0,24.3,23.1,18.6,9.5,21.2,18.2,23.1,1,23.3,0
2022-02-01 18:20:10,9.0,23.9,23.0,18.6,9.5,21.2,18.2,22.9,2,23.3,0
2022-02-01 18:25:25,9.0,23.6,22.8,18.6,9.5,21.2,18.2,22.8,3,23.3,0
2022-02-01 18:30:39,8.9,23.2,22.6,18.6,9.5,21.2,18.2,22.6,4,23.3,0
2022-02-01 18:35:53,8.9,23.0,22.4,18.9,9.5,21.2,18.2,22.4,5,23.3,0
2022-02-01 18:41:08,8.9,22.7,22.3,18.8,9.5,21.2,18.2,22.3,6,23.3,0
2022-02-01 18:46:22,8.9,22.5,22.1,19.4,9.5,21.2,18.2,22.1,7,23.3,0
2022-02-01 18:51:36,8.9,22.4,22.1,20.9,9.5,21.2,18.2,22.0,8,23.3,0
2022-02-01 18:56:50,8.9,22.5,22.2,22.0,9.5,21.2,18.2,21.8,9,23.3,0
2022-02-01 19:02:04,8.9,22.6,22.2,22.3,9.5,21.2,18.2,21.7,10,23.3,0
2022-02-01 19:07:18,8.9,22.4,22.0,22.3,9.5,21.2,18.2,21.5,11,23.3,0
2022-02-01 19:12:33,8.9,22.2,21.8,22.1,9.5,21.2,18.2,21.4,12,23.3,0
2022-02-01 19:17:47,8.9,22.0,21.7,21.9,9.5,21.2,18.2,21.2,13,23.3,0
2022-02-01 19:23:01,8.9,21.9,21.5,22.3,9.5,21.2,18.2,21.1,14,23.3,0
2022-02-01 19:28:15,8.8,21.9,21.4,23.2,9.4,21.2,18.2,20.9,15,23.3,0
2022-02-01 19:33:29,8.8,21.9,21.4,24.0,9.4,21.2,18.2,20.8,16,23.3,0
2022-02-01 19:38:43,8.8,21.9,21.4,24.3,9.4,21.2,18.2,20.6,17,23.3,0
2022-02-01 19:43:58,8.8,21.7,21.2,24.0,9.4,21.2,18.2,20.5,18,23.3,0
2022-02-01 19:49:12,8.8,21.5,21.1,24.0,9.4,21.2,18.2,20.4,19,23.3,0
2022-02-01 19:54:26,8.7,21.3,20.9,23.6,9.4,21.2,18.2,20.2,20,23.3,0
2022-02-01 19:59:40,8.7,21.2,20.8,23.2,9.4,21.3,18.3,20.1,21,23.3,0
2022-02-01 20:04:54,8.7,21.2,20.8,23.0,9.3,21.3,18.3,20.0,22,23.3,0
2022-02-01 20:10:08,8.7,21.2,20.8,23.0,9.3,21.3,18.3,19.9,23,23.3,0
2022-02-01 20:15:27,8.7,21.2,20.7,23.0,9.3,21.3,18.3,19.7,24,23.3,0
2022-02-01 20:20:41,8.7,21.0,20.6,22.9,9.3,21.3,18.3,19.6,25,23.3,0
2022-02-01 20:25:55,8.6,20.8,20.5,22.5,9.3,21.3,18.3,19.5,26,23.3,0
2022-02-01 20:31:09,8.7,20.6,20.3,22.3,9.3,21.3,18.3,19.4,27,23.3,0
2022-02-01 20:36:24,8.7,20.5,20.3,22.1,9.2,21.3,18.3,19.3,28,23.3,0
2022-02-01 20:41:38,8.7,20.4,20.2,21.8,9.2,21.3,18.3,19.2,29,23.3,0
2022-02-01 20:46:54,8.6,20.4,20.2,21.7,9.2,21.3,18.3,19.0,30,23.3,0
2022-02-01 20:52:09,8.6,20.4,20.1,21.9,9.2,21.3,18.3,18.9,31,23.3,0
2022-02-01 20:57:23,8.6,20.2,20.0,22.3,9.2,21.3,18.3,18.8,32,23.3,0
2022-02-01 21:02:37,8.6,20.1,19.9,23.1,9.2,21.3,18.3,18.7,33,23.3,0
2022-02-01 21:07:51,8.6,20.0,19.8,23.9,9.1,21.3,18.3,18.6,34,23.3,0
2022-02-01 21:13:06,8.6,20.0,19.8,24.2,9.1,21.4,18.4,18.5,35,23.3,0
2022-02-01 21:18:20,8.6,20.0,19.8,24.3,9.1,21.4,18.4,18.4,36,23.3,0
2022-02-01 21:23:34,8.6,20.0,19.8,24.3,9.1,21.4,18.4,18.3,-1,23.3,1
2022-02-01 21:28:48,8.6,20.0,19.7,24.4,9.1,21.4,18.4,23.3,0,23.3,1
2022-02-01 21:34:03,8.6,19.9,19.6,24.1,9.1,21.4,18.4,23.1,1,23.3,1
2022-02-01 21:39:17,8.7,20.0,19.5,23.8,9.0,21.4,18.4,22.9,2,23.3,1
2022-02-01 21:44:32,8.6,26.1,19.6,23.6,9.0,21.4,18.4,22.8,3,23.3,1
2022-02-01 21:49:46,8.7,33.5,20.2,23.4,9.0,21.4,18.4,22.6,4,23.3,1
2022-02-01 21:55:02,8.7,31.6,20.4,23.4,9.0,21.4,18.4,22.4,5,23.3,1
2022-02-01 22:00:17,8.7,33.5,20.6,23.2,9.0,21.4,18.4,22.3,6,23.3,1
2022-02-01 22:05:31,8.7,30.2,20.7,22.9,9.0,21.4,18.4,22.1,7,23.3,1
2022-02-01 22:10:46,8.6,27.9,20.5,22.7,9.0,21.4,18.4,22.0,8,23.3,1
2022-02-01 22:16:00,8.7,29.2,20.6,22.8,8.9,21.4,18.4,21.8,9,23.3,1
2022-02-01 22:21:14,8.7,30.7,20.8,23.2,8.9,21.4,18.4,21.7,10,23.3,1
2022-02-01 22:26:28,8.6,32.5,21.0,23.4,8.9,21.4,18.4,21.5,11,23.3,1
2022-02-01 22:31:42,8.6,32.8,21.2,23.5,8.9,21.4,18.4,21.4,12,23.3,1
2022-02-01 22:36:56,8.4,33.3,21.3,23.5,8.9,21.4,18.4,21.2,13,23.3,1
2022-02-01 22:42:10,8.3,32.1,21.3,23.5,8.9,21.5,18.5,21.1,14,23.3,1
2022-02-01 22:47:25,8.1,28.9,20.9,23.4,8.8,21.5,18.5,20.9,15,23.3,1
2022-02-01 22:52:39,8.1,27.7,20.3,23.3,8.8,21.5,18.5,20.8,16,23.3,1
2022-02-01 22:57:53,8.0,29.3,20.8,23.2,8.8,21.5,18.5,20.6,17,23.3,1
2022-02-01 23:03:07,8.0,33.1,21.2,23.1,8.8,21.5,18.5,20.5,18,23.3,1
2022-02-01 23:08:21,7.9,36.0,21.5,23.0,8.8,21.5,18.5,20.4,19,23.3,1
2022-02-01 23:13:35,7.8,32.9,21.5,22.7,8.7,21.5,18.5,20.2,-1,21.5,0
2022-02-01 23:18:50,7.8,34.9,21.7,22.5,8.7,21.5,18.5,21.5,0,21.5,0
2022-02-01 23:24:04,7.7,31.8,21.8,22.3,8.7,21.5,18.5,21.4,1,21.5,0
2022-02-01 23:29:18,7.7,28.4,21.8,22.0,8.7,21.5,18.5,21.2,2,21.5,0
2022-02-01 23:34:32,7.7,26.8,21.7,21.9,8.7,21.5,18.5,21.0,3,21.5,0
2022-02-01 23:39:47,7.6,25.7,21.6,21.7,8.6,21.5,18.5,20.9,4,21.5,0
2022-02-01 23:45:01,7.6,24.8,21.5,21.5,8.6,21.6,18.6,20.7,5,21.5,0
2022-02-01 23:50:15,7.7,24.1,21.5,21.4,8.6,21.6,18.6,20.6,6,21.5,0
2022-02-01 23:55:29,7.7,23.6,21.4,21.3,8.6,21.6,18.6,20.4,7,21.5,0
2022-02-02 00:00:43,7.6,23.4,21.4,21.2,8.6,21.6,18.6,20.2,8,21.5,0
2022-02-02 00:05:57,7.6,23.4,21.3,21.2,8.5,21.6,18.6,20.1,9,21.5,0
2022-02-02 00:11:12,7.6,23.6,21.2,21.1,8.5,21.6,18.6,19.9,10,21.5,0
2022-02-02 00:16:26,7.6,23.6,21.2,21.1,8.5,21.6,18.6,19.8,11,21.5,0
2022-02-02 00:21:40,7.6,23.6,21.1,21.0,8.5,21.6,18.6,19.6,12,21.5,0
2022-02-02 00:26:54,7.6,23.6,21.1,21.0,8.5,21.6,18.6,19.5,13,21.5,0
2022-02-02 00:32:08,7.5,23.6,21.0,20.9,8.4,21.6,18.6,19.3,14,21.5,0
2022-02-02 00:37:22,7.6,23.7,21.0,20.9,8.4,21.6,18.6,19.2,15,21.5,0
2022-02-02 00:42:37,7.6,23.9,21.0,20.8,8.4,21.6,18.6,19.1,16,21.5,0
2022-02-02 00:47:51,7.6,24.2,21.1,20.8,8.4,21.6,18.6,18.9,17,21.5,0
2022-02-02 00:53:05,7.7,24.4,21.1,20.7,8.4,21.7,18.7,18.8,18,21.5,0
2022-02-02 00:58:19,7.8,24.8,21.1,20.6,8.3,21.7,18.7,18.7,-1,21.5,1
2022-02-02 01:03:33,7.8,26.4,21.4,20.6,8.3,21.7,18.7,21.5,0,21.5,1
2022-02-02 01:08:48,7.9,35.2,21.3,20.5,8.3,21.7,18.7,21.4,1,21.5,1
2022-02-02 01:14:02,8.1,38.1,21.5,20.5,8.3,21.7,18.7,21.2,2,21.5,1
2022-02-02 01:19:16,8.2,34.1,21.6,20.4,8.3,21.7,18.7,21.0,3,21.5,1
2022-02-02 01:24:30,8.4,36.5,21.8,20.4,8.3,21.7,18.7,20.9,4,21.5,1
2022-02-02 01:29:44,8.4,33.0,21.9,20.3,8.3,21.7,18.7,20.7,5,21.5,1
2022-02-02 01:34:59,8.4,30.9,21.9,20.3,8.3,21.7,18.7,20.6,6,21.5,1
2022-02-02 01:40:13,8.5,31.3,21.8,20.2,8.3,21.7,18.7,20.4,-1,21.8,0
2022-02-02 01:45:27,8.5,29.3,21.9,20.2,8.3,21.7,18.7,21.8,0,21.8,0
2022-02-02 01:50:41,8.5,32.8,22.1,20.1,8.3,21.7,18.7,21.7,1,21.8,0
2022-02-02 01:55:55,8.5,33.3,22.2,20.1,8.3,21.7,18.7,21.5,2,21.8,0
2022-02-02 02:01:09,8.5,31.4,22.3,20.1,8.3,21.7,18.7,21.3,3,21.8,0
2022-02-02 02:06:23,8.5,29.5,22.5,20.1,8.2,21.7,18.7,21.2,4,21.8,0
2022-02-02 02:11:38,8.5,28.0,22.5,20.0,8.2,21.7,18.7,21.0,5,21.8,0
2022-02-02 02:16:52,8.5,26.8,22.5,20.0,8.2,21.7,18.7,20.8,6,21.8,0
2022-02-02 02:22:06,8.5,25.9,22.5,20.0,8.2,21.7,18.7,20.7,7,21.8,0
2022-02-02 02:27:20,8.5,25.2,22.4,19.9,8.2,21.7,18.7,20.5,8,21.8,0
2022-02-02 02:32:34,8.5,24.8,22.3,19.9,8.2,21.7,18.7,20.4,9,21.8,0
2022-02-02 02:37:49,8.5,24.3,22.2,19.9,8.2,21.7,18.7,20.2,10,21.8,0
2022-02-02 02:43:03,8.5,23.7,22.0,19.9,8.2,21.7,18.7,20.1,11,21.8,0
2022-02-02 02:48:17,8.5,23.4,21.8,19.8,8.2,21.7,18.7,19.9,12,21.8,0
2022-02-02 02:53:31,8.5,23.2,21.7,19.8,8.2,21.7,18.7,19.8,13,21.8,0
2022-02-02 02:58:45,8.5,23.0,21.6,19.8,8.2,21.7,18.7,19.6,14,21.8,0
2022-02-02 03:03:59,8.5,22.9,21.4,19.8,8.2,21.7,18.7,19.5,15,21.8,0
2022-02-02 03:09:13,8.5,22.7,21.3,19.8,8.2,21.7,18.7,19.4,16,21.8,0
2022-02-02 03:14:28,8.5,22.6,21.2,19.8,8.2,21.7,18.7,19.2,17,21.8,0
2022-02-02 03:19:42,8.5,22.5,21.1,19.7,8.2,21.7,18.7,19.1,18,21.8,0
2022-02-02 03:24:56,8.5,22.3,21.0,19.7,8.2,21.7,18.7,18.9,19,21.8,0
2022-02-02 03:30:10,8.5,22.0,20.9,19.6,8.2,21.7,18.7,18.8,20,21.8,0
2022-02-02 03:35:24,8.4,21.8,20.7,19.6,8.2,21.7,18.7,18.7,-1,21.8,1
2022-02-02 03:40:39,8.4,21.9,20.7,19.6,8.2,21.7,18.7,21.8,0,21.8,1
2022-02-02 03:45:53,8.4,26.2,20.7,19.6,8.2,21.7,18.7,21.7,1,21.8,1
2022-02-02 03:51:07,8.4,31.8,21.1,19.6,8.2,21.7,18.7,21.5,2,21.8,1
2022-02-02 03:56:21,8.4,33.0,21.3,19.6,8.2,21.7,18.7,21.3,3,21.8,1
2022-02-02 04:01:35,8.4,33.6,21.4,19.5,8.2,21.7,18.7,21.2,4,21.8,1
2022-02-02 04:06:49,8.4,33.6,21.5,19.5,8.2,21.7,18.7,21.0,5,21.8,1
2022-02-02 04:12:03,8.4,31.6,21.6,19.5,8.2,21.7,18.7,20.8,6,21.8,1
2022-02-02 04:17:17,8.4,30.4,21.7,19.5,8.2,21.7,18.7,20.7,7,21.8,1
2022-02-02 04:22:32,8.4,27.7,21.7,19.5,8.2,21.7,18.7,20.5,8,21.8,1
2022-02-02 04:27:46,8.4,31.4,21.8,19.4,8.2,21.7,18.7,20.4,-1,21.8,0
2022-02-02 04:33:00,8.4,33.2,21.9,19.4,8.2,21.7,18.7,21.8,0,21.8,0
2022-02-02 04:38:14,8.4,33.4,22.0,19.4,8.2,21.7,18.7,21.6,1,21.8,0
2022-02-02 04:43:29,8.4,32.1,22.1,19.4,8.2,21.7,18.7,21.4,2,21.8,0
2022-02-02 04:48:43,8.4,30.3,22.1,19.4,8.2,21.7,18.7,21.3,3,21.8,0
2022-02-02 04:53:57,8.4,28.8,22.2,19.4,8.2,21.7,18.7,21.1,4,21.8,0
2022-02-02 04:59:11,8.4,27.6,22.2,19.4,8.2,21.7,18.7,21.0,5,21.8,0
2022-02-02 05:04:25,8.4,26.7,22.2,19.4,8.2,21.7,18.7,20.8,6,21.8,0
2022-02-02 05:09:39,8.4,26.1,22.2,19.4,8.2,21.7,18.7,20.6,7,21.8,0
2022-02-02 05:14:53,8.4,25.6,22.1,19.4,8.2,21.7,18.7,20.5,8,21.8,0
2022-02-02 05:20:08,8.4,25.4,22.0,19.4,8.2,21.7,18.7,20.3,9,21.8,0
2022-02-02 05:25:22,8.4,25.2,22.0,19.4,8.2,21.7,18.7,20.2,10,21.8,0
2022-02-02 05:30:36,8.4,25.0,21.9,19.4,8.2,21.7,18.7,20.0,11,21.8,0
2022-02-02 05:35:50,8.4,24.8,21.9,19.4,8.2,21.7,18.7,19.9,12,21.8,0
2022-02-02 05:41:04,8.4,24.7,21.8,19.4,8.2,21.7,18.7,19.7,13,21.8,0
2022-02-02 05:46:19,8.4,24.5,21.7,19.3,8.2,21.7,18.7,19.6,14,21.8,0
2022-02-02 05:51:33,8.4,24.3,21.7,19.3,8.2,21.7,18.7,19.4,15,21.8,0
2022-02-02 05:56:47,8.3,24.0,21.6,19.3,8.2,21.7,18.7,19.3,16,21.8,0
2022-02-02 06:02:01,8.4,23.7,21.5,19.3,8.3,21.7,18.7,19.2,17,21.8,0
2022-02-02 06:07:15,8.3,23.5,21.4,19.3,8.3,21.7,18.7,19.0,18,21.8,0
2022-02-02 06:12:30,8.3,23.5,21.3,19.3,8.3,21.7,18.7,18.9,19,21.8,0
2022-02-02 06:17:44,8.3,23.5,21.3,19.2,8.3,21.7,18.7,18.8,20,21.8,0
2022-02-02 06:22:58,8.3,23.6,21.2,19.3,8.3,21.7,18.7,18.6,-1,21.8,1
2022-02-02 06:28:12,8.2,25.2,21.3,19.2,8.3,21.7,18.7,21.8,0,21.8,1
2022-02-02 06:33:26,8.2,30.7,21.0,19.2,8.3,21.7,18.7,21.6,1,21.8,1
2022-02-02 06:38:41,8.2,34.3,21.1,19.2,8.3,21.7,18.7,21.4,2,21.8,1
2022-02-02 06:43:55,8.2,33.0,21.3,19.2,8.3,21.7,18.7,21.3,3,21.8,1
2022-02-02 06:49:09,8.2,31.4,21.3,19.2,8.3,21.7,18.7,21.1,4,21.8,1
2022-02-02 06:54:23,8.2,31.7,21.1,19.2,8.3,21.7,18.7,21.0,5,21.8,1
2022-02-02 06:59:37,8.2,31.9,21.3,19.2,8.4,21.7,18.7,20.8,6,21.8,1
2022-02-02 07:04:51,8.2,33.9,21.5,19.2,8.4,21.7,18.7,20.6,7,21.8,1
2022-02-02 07:10:06,8.2,33.9,21.4,19.2,8.4,21.7,18.7,20.5,8,21.8,1
2022-02-02 07:15:20,8.1,31.8,21.2,19.2,8.4,21.7,18.7,20.3,9,21.8,1
2022-02-02 07:20:34,8.1,29.5,21.3,19.2,8.4,21.6,18.6,20.2,10,21.8,1
2022-02-02 07:25:48,8.1,25.8,21.4,19.2,8.4,21.6,18.6,20.0,11,21.8,1
2022-02-02 07:31:02,8.1,25.4,21.6,19.2,8.4,21.6,18.6,19.9,12,21.8,1
