Time,Outside,Flow,Return,Room,RollingAvgOutside,SlabTarget,SlabTrigger,SlabModelled,records_since_relay_change,Call
2022-04-02 08:50:42,3.1,23.4,21.3,18.5,3.1,21.5,18.5,17.9,0,0
2022-04-02 08:55:57,3.2,23.2,21.2,18.4,3.1,21.4,18.4,17.9,1,0
2022-04-02 09:01:11,3.2,22.9,21.0,18.4,3.1,21.4,18.4,17.8,2,0
2022-04-02 09:06:25,3.1,22.5,20.8,18.4,3.1,21.4,18.4,17.7,3,0
2022-04-02 09:11:39,3.1,22.1,20.7,18.4,3.1,21.4,18.4,17.6,4,0
2022-04-02 09:16:53,3.2,21.9,20.5,18.4,3.1,21.4,18.4,17.6,5,0
2022-04-02 09:22:07,3.3,21.8,20.4,18.4,3.2,21.4,18.4,17.5,6,0
2022-04-02 09:27:22,3.4,21.7,20.3,18.4,3.2,21.4,18.4,17.4,-1,1
2022-04-02 09:32:36,3.6,21.6,20.2,18.4,3.2,21.4,18.4,20.2,0,1
2022-04-02 09:37:50,3.6,20.9,20.0,18.4,3.3,21.4,18.4,20.0,1,1
2022-04-02 09:43:04,4.2,21.5,20.3,18.4,3.4,21.3,18.3,20.3,2,1
2022-04-02 09:48:18,4.4,27.7,20.5,18.4,3.4,21.3,18.3,20.5,3,1
2022-04-02 09:53:33,4.5,32.5,20.7,18.3,3.5,21.2,18.2,20.7,4,1
2022-04-02 09:58:47,5.0,31.8,21.1,18.3,3.6,21.2,18.2,21.1,5,1
2022-04-02 10:04:01,4.8,35.5,21.4,18.4,3.7,21.1,18.1,21.4,6,1
2022-04-02 10:09:16,5.0,35.6,21.5,18.5,3.8,21.1,18.1,21.5,-1,0
2022-04-02 10:14:30,5.1,32.6,21.3,18.6,3.9,21.1,18.1,21.4,0,0
2022-04-02 10:19:44,5.1,30.9,21.0,18.6,3.9,21.0,18.0,21.3,1,0
2022-04-02 10:24:58,5.2,29.2,20.7,18.8,4.0,21.0,18.0,21.2,2,0
2022-04-02 10:30:12,5.2,27.5,20.8,18.8,4.1,21.0,18.0,21.1,3,0
2022-04-02 10:35:26,5.1,26.1,20.9,18.8,4.1,20.9,17.9,21.1,4,0
2022-04-02 10:40:41,5.2,25.1,20.9,18.8,4.2,20.9,17.9,21.0,5,0
2022-04-02 10:45:55,5.4,24.4,20.8,18.7,4.2,20.9,17.9,20.9,6,0
2022-04-02 10:51:09,5.7,23.7,20.6,18.7,4.3,20.9,17.9,20.8,7,0
2022-04-02 10:56:23,5.8,23.1,20.5,18.6,4.3,20.8,17.8,20.7,8,0
2022-04-02 11:01:37,6.1,22.5,20.4,18.6,4.4,20.8,17.8,20.6,9,0
2022-04-02 11:06:51,5.9,22.1,20.3,18.7,4.5,20.8,17.8,20.6,10,0
2022-04-02 11:12:06,5.8,21.9,20.3,18.6,4.5,20.7,17.7,20.5,11,0
2022-04-02 11:17:20,5.8,22.0,20.3,18.6,4.6,20.7,17.7,20.4,12,0
2022-04-02 11:22:34,6.0,22.0,20.2,18.6,4.6,20.7,17.7,20.3,13,0
2022-04-02 11:27:48,6.4,21.8,20.2,18.6,4.7,20.7,17.7,20.2,14,0
2022-04-02 11:33:02,6.4,21.6,20.1,18.6,4.7,20.6,17.6,20.2,15,0
2022-04-02 11:38:16,6.1,21.5,20.0,18.6,4.8,20.6,17.6,20.1,16,0
2022-04-02 11:43:30,6.0,21.6,19.9,18.6,4.8,20.6,17.6,20.0,17,0
2022-04-02 11:48:45,5.9,21.8,19.8,18.6,4.8,20.6,17.6,19.9,18,0
2022-04-02 11:53:59,5.8,22.0,19.8,18.5,4.8,20.6,17.6,19.9,19,0
2022-04-02 11:59:13,6.0,22.0,19.8,18.5,4.9,20.6,17.6,19.8,20,0
2022-04-02 12:04:27,6.1,21.8,19.7,18.5,4.9,20.5,17.5,19.7,21,0
2022-04-02 12:10:00,6.4,21.5,19.7,18.5,5.0,20.5,17.5,19.6,22,0
2022-04-02 12:15:14,6.4,21.2,19.6,18.5,5.0,20.5,17.5,19.6,23,0
2022-04-02 12:20:29,6.3,21.2,19.6,18.5,5.0,20.5,17.5,19.5,24,0
2022-04-02 12:25:43,6.4,21.2,19.6,18.5,5.1,20.5,17.5,19.4,25,0
2022-04-02 12:30:57,6.3,21.4,19.6,18.5,5.1,20.5,17.5,19.3,26,0
2022-04-02 12:36:11,6.4,21.7,19.6,18.5,5.1,20.4,17.4,19.3,27,0
2022-04-02 12:41:25,6.7,21.9,19.6,18.6,5.1,20.4,17.4,19.2,28,0
2022-04-02 12:46:39,6.9,21.9,19.6,18.6,5.2,20.4,17.4,19.1,29,0
2022-04-02 12:51:54,7.1,21.9,19.6,18.6,5.2,20.4,17.4,19.1,30,0
2022-04-02 12:57:08,7.5,21.7,19.5,18.6,5.3,20.4,17.4,19.0,31,0
2022-04-02 13:02:30,7.8,21.5,19.5,18.7,5.3,20.3,17.3,18.9,32,0
2022-04-02 13:08:06,7.8,21.3,19.4,17.8,5.4,20.3,17.3,18.9,33,0
2022-04-02 13:13:23,8.1,21.1,19.4,18.2,5.4,20.3,17.3,18.8,34,0
2022-04-02 13:18:40,7.8,21.1,19.4,18.4,5.5,20.3,17.3,18.7,35,0
2022-04-02 13:23:55,7.8,21.1,19.3,18.5,5.5,20.2,17.2,18.7,36,0
2022-04-02 13:29:10,7.9,21.2,19.3,18.5,5.6,20.2,17.2,18.6,37,0
2022-04-02 13:34:24,8.0,21.0,19.3,18.3,5.6,20.2,17.2,18.5,38,0
2022-04-02 13:39:39,8.0,20.9,19.3,17.9,5.6,20.2,17.2,18.5,39,0
2022-04-02 13:44:53,8.3,20.7,19.2,17.8,5.7,20.2,17.2,18.4,40,0
2022-04-02 13:50:07,8.3,20.6,19.2,16.7,5.7,20.1,17.1,18.3,41,0
2022-04-02 13:55:21,8.1,20.5,19.1,17.0,5.8,20.1,17.1,18.3,42,0
2022-04-02 14:00:35,7.9,20.5,19.1,17.3,5.8,20.1,17.1,18.2,43,0
2022-04-02 14:05:50,8.1,20.5,19.1,17.6,5.9,20.1,17.1,18.2,44,0
2022-04-02 14:11:04,8.0,20.7,19.1,17.3,5.9,20.1,17.1,18.1,45,0
2022-04-02 14:16:18,8.1,21.0,19.2,17.7,5.9,20.0,17.0,18.0,46,0
2022-04-02 14:21:32,8.0,21.0,19.3,18.0,6.0,20.0,17.0,18.0,47,0
2022-04-02 14:26:46,7.7,20.9,19.3,18.1,6.0,20.0,17.0,17.9,48,0
2022-04-02 14:32:00,7.2,20.8,19.4,18.2,6.0,20.0,17.0,17.8,49,0
2022-04-02 14:37:14,7.1,20.7,19.4,18.2,6.0,20.0,17.0,17.8,50,0
2022-04-02 14:42:29,7.2,20.7,19.4,18.2,6.0,20.0,17.0,17.7,51,0
2022-04-02 14:47:43,7.7,20.9,19.5,18.2,6.1,20.0,17.0,17.7,52,0
2022-04-02 14:52:57,7.9,21.2,19.6,18.2,6.1,20.0,17.0,17.6,53,0
2022-04-02 14:58:11,8.0,21.2,19.6,18.3,6.1,19.9,16.9,17.6,54,0
2022-04-02 15:03:25,7.9,21.0,19.5,18.3,6.1,19.9,16.9,17.5,55,0
2022-04-02 15:08:39,7.6,20.7,19.4,18.3,6.2,19.9,16.9,17.4,56,0
2022-04-02 15:13:54,7.6,20.5,19.4,18.3,6.3,19.9,16.9,17.4,57,0
2022-04-02 15:19:08,7.6,20.5,19.4,18.3,6.3,19.8,16.8,17.3,58,0
2022-04-02 15:24:22,7.3,20.5,19.4,18.2,6.4,19.8,16.8,17.3,59,0
2022-04-02 15:29:36,6.6,20.7,19.4,18.2,6.4,19.8,16.8,17.2,60,0
2022-04-02 15:34:50,6.4,20.6,19.4,18.2,6.5,19.8,16.8,17.2,61,0
2022-04-02 15:40:04,6.5,20.5,19.3,18.2,6.5,19.7,16.7,17.1,62,0
2022-04-02 15:45:19,6.7,20.3,19.3,18.2,6.6,19.7,16.7,17.1,63,0
2022-04-02 15:50:33,6.6,20.2,19.2,18.2,6.6,19.7,16.7,17.0,64,0
2022-04-02 15:55:47,6.4,20.4,19.2,18.1,6.6,19.7,16.7,17.0,65,0
2022-04-02 16:01:01,6.5,20.6,19.3,18.2,6.7,19.7,16.7,16.9,66,0
2022-04-02 16:06:15,6.8,20.8,19.3,18.2,6.7,19.6,16.6,16.9,67,0
2022-04-02 16:11:30,7.4,20.9,19.3,18.2,6.8,19.6,16.6,16.8,68,0
2022-04-02 16:16:44,7.8,20.7,19.2,18.3,6.8,19.6,16.6,16.8,69,0
2022-04-02 16:21:58,8.2,20.6,19.2,18.3,6.8,19.6,16.6,16.7,70,0
2022-04-02 16:27:12,8.4,20.6,19.2,18.3,6.9,19.6,16.6,16.7,71,0
2022-04-02 16:32:26,8.4,20.7,19.2,18.4,6.9,19.5,16.5,16.6,72,0
2022-04-02 16:37:41,7.6,20.9,19.2,18.3,7.0,19.5,16.5,16.6,73,0
2022-04-02 16:42:55,7.1,21.0,19.2,18.3,7.0,19.5,16.5,16.5,74,0
2022-04-02 16:48:09,6.9,20.8,19.1,18.2,7.0,19.5,16.5,16.5,-1,1
2022-04-02 16:53:23,6.9,20.7,19.1,18.2,7.0,19.5,16.5,19.1,0,1
2022-04-02 16:58:37,7.7,21.4,19.2,18.2,7.1,19.5,16.5,19.2,1,1
2022-04-02 17:03:51,8.4,28.1,19.0,18.2,7.1,19.4,16.4,19.0,2,1
2022-04-02 17:09:06,7.5,35.4,19.3,18.2,7.1,19.4,16.4,19.3,3,1
2022-04-02 17:14:20,6.9,37.6,19.6,18.2,7.2,19.4,16.4,19.6,4,1
2022-04-02 17:19:34,6.9,33.2,19.6,18.2,7.2,19.4,16.4,19.6,5,1
2022-04-02 17:24:48,6.7,29.5,19.6,18.2,7.2,19.4,16.4,19.6,6,1
2022-04-02 17:30:02,6.2,27.7,19.8,18.1,7.2,19.4,16.4,19.8,-1,0
2022-04-02 17:35:17,6.2,25.3,19.0,18.1,7.2,19.4,16.4,19.8,0,0
2022-04-02 17:40:31,6.4,28.0,19.3,18.1,7.2,19.4,16.4,19.7,1,0
2022-04-02 17:45:45,6.7,28.7,19.6,18.1,7.2,19.4,16.4,19.6,2,0
2022-04-02 17:50:59,6.7,27.4,19.8,18.1,7.2,19.4,16.4,19.6,3,0
2022-04-02 17:56:13,6.8,26.2,20.0,18.1,7.2,19.4,16.4,19.5,4,0
2022-04-02 18:01:28,7.1,25.3,20.1,18.1,7.2,19.4,16.4,19.5,5,0
2022-04-02 18:06:42,7.1,24.5,20.1,18.1,7.2,19.4,16.4,19.4,6,0
2022-04-02 18:11:56,7.7,23.8,20.1,18.1,7.3,19.4,16.4,19.3,7,0
2022-04-02 18:17:10,7.5,23.5,20.1,18.0,7.3,19.4,16.4,19.3,8,0
2022-04-02 18:22:24,7.1,23.4,20.1,18.0,7.3,19.3,16.3,19.2,9,0
2022-04-02 18:27:38,6.8,23.2,20.1,18.0,7.3,19.3,16.3,19.1,10,0
2022-04-02 18:32:53,6.9,23.0,20.2,17.7,7.3,19.3,16.3,19.1,11,0
2022-04-02 18:38:07,6.4,22.7,20.1,17.3,7.3,19.3,16.3,19.0,12,0
2022-04-02 18:43:21,6.1,22.4,20.0,16.7,7.3,19.3,16.3,19.0,13,0
2022-04-02 18:48:35,5.9,22.2,20.0,17.0,7.3,19.3,16.3,18.9,14,0
2022-04-02 18:53:49,5.7,22.3,20.0,17.1,7.3,19.3,16.3,18.9,15,0
2022-04-02 18:59:04,5.4,22.4,20.0,17.3,7.3,19.4,16.4,18.8,16,0
2022-04-02 19:04:18,5.2,22.4,20.1,17.4,7.3,19.4,16.4,18.7,17,0
2022-04-02 19:09:32,5.1,22.5,20.2,17.4,7.2,19.4,16.4,18.7,18,0
2022-04-02 19:14:46,5.1,22.6,20.3,17.5,7.2,19.4,16.4,18.6,19,0
2022-04-02 19:20:00,5.0,22.8,20.4,17.5,7.2,19.4,16.4,18.6,20,0
2022-04-02 19:25:15,4.9,22.8,20.5,17.6,7.1,19.4,16.4,18.5,21,0
2022-04-02 19:30:29,4.8,22.8,20.5,17.5,7.1,19.5,16.5,18.5,22,0
2022-04-02 19:35:43,4.5,22.8,20.5,17.1,7.0,19.5,16.5,18.4,23,0
2022-04-02 19:40:57,4.4,23.0,20.6,17.3,7.0,19.5,16.5,18.3,24,0
2022-04-02 19:46:11,4.4,23.2,20.6,17.4,6.9,19.5,16.5,18.3,25,0
2022-04-02 19:51:25,4.2,23.2,20.7,17.5,6.9,19.6,16.6,18.2,26,0
2022-04-02 19:56:40,4.2,23.0,20.7,17.5,6.8,19.6,16.6,18.2,27,0
2022-04-02 20:01:54,4.3,22.7,20.6,17.5,6.8,19.6,16.6,18.1,28,0
2022-04-02 20:07:08,4.1,22.4,20.5,17.4,6.7,19.6,16.6,18.1,29,0
2022-04-02 20:12:22,4.1,22.1,20.5,17.0,6.7,19.7,16.7,18.0,30,0
2022-04-02 20:17:37,4.2,21.9,20.4,17.9,6.6,19.7,16.7,17.9,31,0
2022-04-02 20:22:51,4.2,21.9,20.5,19.9,6.5,19.7,16.7,17.9,32,0
2022-04-02 20:28:05,4.4,22.1,20.7,22.0,6.5,19.8,16.8,17.8,33,0
2022-04-02 20:33:19,4.4,22.4,20.9,23.1,6.4,19.8,16.8,17.8,34,0
2022-04-02 20:38:33,4.3,22.8,21.0,23.4,6.4,19.8,16.8,17.7,35,0
2022-04-02 20:43:48,4.2,23.4,21.2,23.2,6.3,19.8,16.8,17.7,36,0
2022-04-02 20:49:02,4.1,24.0,21.2,22.0,6.3,19.8,16.8,17.6,37,0
2022-04-02 20:54:16,3.9,24.5,21.3,22.5,6.3,19.9,16.9,17.5,38,0
2022-04-02 20:59:30,3.9,24.6,21.3,23.8,6.2,19.9,16.9,17.5,39,0
2022-04-02 21:04:44,4.0,24.5,21.2,24.9,6.2,19.9,16.9,17.4,40,0
2022-04-02 21:09:59,4.0,24.3,21.2,25.8,6.1,19.9,16.9,17.4,41,0
2022-04-02 21:15:13,4.0,24.1,21.2,26.0,6.1,20.0,17.0,17.3,42,0
2022-04-02 21:20:27,3.9,23.8,21.2,25.9,6.0,20.0,17.0,17.3,43,0
2022-04-02 21:25:41,3.8,23.5,21.1,25.1,5.9,20.0,17.0,17.2,44,0
2022-04-02 21:30:56,3.5,23.1,20.9,23.9,5.9,20.1,17.1,17.1,45,0
2022-04-02 21:36:11,3.6,22.7,20.8,24.0,5.8,20.1,17.1,17.1,46,0
2022-04-02 21:41:25,3.4,22.4,20.7,23.8,5.8,20.1,17.1,17.0,-1,1
2022-04-02 21:46:39,3.1,23.1,20.5,23.2,5.7,20.1,17.1,20.5,0,1
2022-04-02 21:51:54,2.7,27.1,19.1,23.4,5.7,20.2,17.2,19.1,1,1
2022-04-02 21:57:08,2.7,28.5,19.0,23.4,5.6,20.2,17.2,19.0,2,1
2022-04-02 22:02:22,2.6,32.7,19.4,23.3,5.6,20.2,17.2,19.4,3,1
2022-04-02 22:07:37,2.6,36.0,19.7,23.0,5.5,20.2,17.2,19.7,4,1
2022-04-02 22:12:51,2.9,36.9,19.8,22.9,5.5,20.3,17.3,19.8,5,1
2022-04-02 22:18:05,2.9,38.1,19.9,22.7,5.4,20.3,17.3,19.9,6,1
2022-04-02 22:23:19,3.0,35.6,20.1,22.6,5.4,20.3,17.3,20.1,7,1
2022-04-02 22:28:33,2.3,32.5,20.2,22.9,5.3,20.4,17.4,20.2,8,1
2022-04-02 22:33:48,2.3,31.2,19.8,23.2,5.2,20.4,17.4,19.8,9,1
2022-04-02 22:39:02,2.4,36.0,19.9,23.2,5.1,20.4,17.4,19.9,10,1
2022-04-02 22:44:16,1.9,35.7,20.2,23.1,5.0,20.5,17.5,20.2,11,1
2022-04-02 22:49:30,1.9,33.9,20.3,22.8,5.0,20.5,17.5,20.3,12,1
2022-04-02 22:54:44,1.9,37.7,20.5,22.6,4.9,20.6,17.6,20.5,13,1
2022-04-02 22:59:59,1.6,35.2,20.7,22.3,4.8,20.6,17.6,20.7,-1,0
2022-04-02 23:05:13,1.3,33.9,20.8,22.1,4.7,20.6,17.6,20.6,0,0
2022-04-02 23:10:27,1.3,35.8,20.9,21.8,4.6,20.7,17.7,20.5,1,0
2022-04-02 23:15:42,1.6,33.2,21.1,21.6,4.6,20.7,17.7,20.4,2,0
2022-04-02 23:20:56,1.2,30.9,21.3,21.3,4.5,20.8,17.8,20.4,3,0
2022-04-02 23:26:10,1.1,29.3,21.3,21.1,4.4,20.8,17.8,20.3,4,0
2022-04-02 23:31:24,1.7,27.8,21.4,20.8,4.3,20.9,17.9,20.2,5,0
2022-04-02 23:36:39,1.6,26.6,21.4,20.7,4.2,20.9,17.9,20.1,6,0
2022-04-02 23:41:53,1.3,25.6,21.4,20.5,4.1,20.9,17.9,20.0,7,0
2022-04-02 23:47:07,1.0,24.8,21.4,20.4,4.1,21.0,18.0,20.0,8,0
2022-04-02 23:52:22,1.0,24.4,21.4,20.2,4.0,21.0,18.0,19.9,9,0
2022-04-02 23:57:36,1.0,24.1,21.3,20.2,3.9,21.0,18.0,19.8,10,0
2022-04-03 00:02:50,0.8,24.0,21.3,20.2,3.8,21.1,18.1,19.7,11,0
2022-04-03 00:08:04,0.7,23.9,21.2,20.1,3.8,21.1,18.1,19.6,12,0
2022-04-03 00:13:19,0.7,23.8,21.1,20.0,3.7,21.2,18.2,19.6,13,0
2022-04-03 00:18:33,1.0,23.8,21.1,20.0,3.6,21.2,18.2,19.5,14,0
2022-04-03 00:23:47,1.0,23.8,21.0,19.8,3.5,21.2,18.2,19.4,15,0
2022-04-03 00:29:01,0.9,23.9,21.0,19.8,3.4,21.3,18.3,19.3,16,0
2022-04-03 00:34:16,1.0,24.0,20.9,19.6,3.3,21.3,18.3,19.2,17,0
2022-04-03 00:39:30,0.7,24.0,20.8,19.6,3.2,21.4,18.4,19.2,18,0
2022-04-03 00:44:44,0.3,24.0,20.8,19.5,3.1,21.4,18.4,19.1,19,0
2022-04-03 00:49:58,0.4,23.9,20.8,19.4,3.1,21.5,18.5,19.0,20,0
2022-04-03 00:55:13,0.5,23.9,20.8,19.3,3.0,21.5,18.5,18.9,21,0
2022-04-03 01:00:27,0.2,23.9,20.7,19.3,2.9,21.6,18.6,18.8,22,0
2022-04-03 01:05:41,0.3,23.9,20.7,19.2,2.8,21.6,18.6,18.8,23,0
2022-04-03 01:10:56,0.5,24.1,20.7,19.2,2.7,21.6,18.6,18.7,24,0
2022-04-03 01:16:10,0.6,24.4,20.7,19.1,2.7,21.7,18.7,18.6,-1,1
2022-04-03 01:21:24,0.2,25.8,20.9,19.0,2.6,21.7,18.7,20.9,0,1
2022-04-03 01:26:38,-0.2,34.6,20.2,19.0,2.5,21.7,18.7,20.2,1,1
2022-04-03 01:31:52,-0.2,37.7,20.3,18.9,2.5,21.8,18.8,20.3,2,1
2022-04-03 01:37:07,-0.2,38.1,20.5,18.9,2.4,21.8,18.8,20.5,3,1
2022-04-03 01:42:21,-0.0,32.3,20.6,18.8,2.3,21.8,18.8,20.6,4,1
2022-04-03 01:47:36,-0.1,32.8,20.8,18.8,2.3,21.9,18.9,20.8,5,1
2022-04-03 01:52:50,-0.1,37.6,20.9,18.7,2.2,21.9,18.9,20.9,6,1
2022-04-03 01:58:04,-0.2,36.8,21.0,18.6,2.1,21.9,18.9,21.0,7,1
2022-04-03 02:03:18,-0.2,36.2,21.1,18.6,2.1,22.0,19.0,21.1,8,1
2022-04-03 02:08:33,-0.6,30.8,21.1,18.6,2.0,22.0,19.0,21.1,9,1
2022-04-03 02:13:47,-0.7,34.6,21.2,18.5,1.9,22.0,19.0,21.2,10,1
2022-04-03 02:19:01,-0.6,36.5,21.3,18.4,1.9,22.1,19.1,21.3,11,1
2022-04-03 02:24:15,-0.5,37.3,21.4,18.4,1.8,22.1,19.1,21.4,12,1
2022-04-03 02:29:29,-0.7,37.2,21.4,18.4,1.7,22.1,19.1,21.4,13,1
2022-04-03 02:34:44,-0.6,37.4,21.5,18.3,1.7,22.2,19.2,21.5,14,1
2022-04-03 02:39:58,-0.8,37.9,21.6,18.3,1.6,22.2,19.2,21.6,15,1
2022-04-03 02:45:12,-0.5,37.7,21.6,18.3,1.5,22.2,19.2,21.6,16,1
2022-04-03 02:50:26,-0.5,33.6,21.6,18.3,1.5,22.3,19.3,21.6,17,1
2022-04-03 02:55:41,-1.1,35.7,21.7,18.2,1.4,22.3,19.3,21.7,18,1
2022-04-03 03:00:55,-1.3,37.7,21.8,18.2,1.3,22.3,19.3,21.8,19,1
2022-04-03 03:06:09,-1.4,37.6,21.8,18.2,1.2,22.4,19.4,21.8,20,1
2022-04-03 03:11:23,-0.9,37.8,21.9,18.2,1.2,22.4,19.4,21.9,21,1
2022-04-03 03:16:38,-1.1,38.3,21.9,18.2,1.1,22.5,19.5,21.9,22,1
2022-04-03 03:21:52,-1.0,38.3,22.0,18.1,1.0,22.5,19.5,22.0,23,1
2022-04-03 03:27:06,-0.8,38.2,22.0,18.1,1.0,22.5,19.5,22.0,24,1
2022-04-03 03:32:20,-0.8,33.1,22.0,18.1,0.9,22.6,19.6,22.0,25,1
2022-04-03 03:37:35,-0.9,34.7,22.0,18.1,0.8,22.6,19.6,22.0,26,1
2022-04-03 03:42:49,-0.8,38.0,22.2,18.1,0.8,22.6,19.6,22.2,27,1
2022-04-03 03:48:03,-0.8,37.9,22.2,18.1,0.7,22.7,19.7,22.2,28,1
2022-04-03 03:53:18,-0.6,38.4,22.3,18.1,0.6,22.7,19.7,22.3,29,1
2022-04-03 03:58:32,-0.4,37.6,22.3,18.1,0.6,22.7,19.7,22.3,30,1
2022-04-03 04:03:47,-0.3,39.6,22.4,18.1,0.5,22.7,19.7,22.4,31,1
2022-04-03 04:09:01,-0.5,39.8,22.4,18.1,0.5,22.8,19.8,22.4,32,1
2022-04-03 04:14:15,-0.7,38.1,22.5,18.1,0.4,22.8,19.8,22.5,33,1
2022-04-03 04:19:30,-0.8,30.5,22.4,18.1,0.4,22.8,19.8,22.4,34,1
2022-04-03 04:24:44,-0.6,33.6,22.5,18.1,0.4,22.8,19.8,22.5,35,1
2022-04-03 04:29:58,-0.4,37.8,22.6,18.1,0.3,22.8,19.8,22.6,36,1
2022-04-03 04:35:12,-0.2,37.3,22.6,18.1,0.3,22.9,19.9,22.6,37,1
2022-04-03 04:40:27,-0.0,38.7,22.7,18.1,0.2,22.9,19.9,22.7,38,1
2022-04-03 04:45:41,0.2,38.6,22.6,18.1,0.2,22.9,19.9,22.6,39,1
2022-04-03 04:50:55,-0.0,38.2,22.7,18.1,0.2,22.9,19.9,22.7,40,1
2022-04-03 04:56:09,-0.2,32.3,22.6,18.1,0.1,22.9,19.9,22.6,41,1
2022-04-03 05:01:23,-0.3,33.4,22.6,18.1,0.1,23.0,20.0,22.6,42,1
2022-04-03 05:06:38,-0.1,37.7,22.8,18.1,0.1,23.0,20.0,22.8,43,1
2022-04-03 05:11:52,-0.0,37.3,22.8,18.1,0.0,23.0,20.0,22.8,44,1
2022-04-03 05:17:06,0.1,38.5,22.8,18.1,0.0,23.0,20.0,22.8,45,1
2022-04-03 05:22:20,0.1,38.3,22.8,18.1,0.0,23.0,20.0,22.8,46,1
2022-04-03 05:27:35,0.1,38.0,22.8,18.1,-0.0,23.0,20.0,22.8,47,1
2022-04-03 05:32:49,0.1,34.6,22.8,18.1,-0.0,23.0,20.0,22.8,48,1
2022-04-03 05:38:03,0.2,32.2,22.8,18.1,-0.0,23.0,20.0,22.8,49,1
2022-04-03 05:43:17,0.2,37.1,22.8,18.1,-0.1,23.0,20.0,22.8,50,1
2022-04-03 05:48:32,0.0,38.1,22.9,18.1,-0.1,23.0,20.0,22.9,51,1
2022-04-03 05:53:46,-0.1,38.1,22.9,18.1,-0.1,23.1,20.1,22.9,52,1
2022-04-03 05:59:00,0.1,38.7,22.8,18.1,-0.1,23.1,20.1,22.8,53,1
2022-04-03 06:04:15,0.3,38.1,22.8,18.1,-0.1,23.1,20.1,22.8,54,1
2022-04-03 06:09:29,0.2,38.3,22.8,18.1,-0.1,23.1,20.1,22.8,55,1
2022-04-03 06:14:43,0.2,31.9,22.7,18.1,-0.2,23.1,20.1,22.7,56,1
2022-04-03 06:19:57,0.1,34.0,22.8,18.1,-0.2,23.1,20.1,22.8,57,1
2022-04-03 06:25:12,0.2,37.7,22.8,18.1,-0.2,23.1,20.1,22.8,58,1
2022-04-03 06:30:26,0.2,37.7,22.8,18.1,-0.2,23.1,20.1,22.8,59,1
2022-04-03 06:35:40,0.2,38.3,22.9,18.1,-0.2,23.1,20.1,22.9,60,1
2022-04-03 06:40:54,0.2,38.6,23.0,18.1,-0.2,23.1,20.1,23.0,61,1
2022-04-03 06:46:08,0.3,38.8,23.0,18.1,-0.2,23.1,20.1,23.0,62,1
2022-04-03 06:51:23,0.4,37.5,23.0,18.1,-0.2,23.1,20.1,23.0,63,1
2022-04-03 06:56:37,0.5,31.6,22.9,18.1,-0.2,23.1,20.1,22.9,64,1
2022-04-03 07:01:51,0.5,36.6,22.9,18.1,-0.2,23.1,20.1,22.9,65,1
2022-04-03 07:07:05,0.8,38.5,23.0,18.1,-0.2,23.1,20.1,23.0,66,1
2022-04-03 07:12:19,0.6,38.2,23.1,18.1,-0.2,23.1,20.1,23.1,67,1
2022-04-03 07:17:34,0.5,38.2,23.1,18.1,-0.2,23.1,20.1,23.1,-1,0
2022-04-03 07:22:48,0.9,39.0,23.1,18.1,-0.2,23.1,20.1,23.0,0,0
2022-04-03 07:28:02,1.1,38.2,23.1,18.1,-0.2,23.1,20.1,22.9,1,0
2022-04-03 07:33:16,1.2,36.6,23.2,18.1,-0.2,23.1,20.1,22.8,2,0
2022-04-03 07:38:30,1.0,34.1,23.1,18.1,-0.2,23.1,20.1,22.6,3,0
2022-04-03 07:43:45,1.0,32.0,23.0,18.1,-0.2,23.1,20.1,22.5,4,0
2022-04-03 07:48:59,0.9,30.3,22.9,18.1,-0.1,23.1,20.1,22.4,5,0
2022-04-03 07:54:13,1.1,28.9,22.7,18.1,-0.1,23.1,20.1,22.3,6,0
2022-04-03 07:59:27,1.3,27.8,22.6,18.1,-0.1,23.1,20.1,22.2,7,0
2022-04-03 08:04:42,1.5,27.0,22.4,18.1,-0.1,23.0,20.0,22.1,8,0
2022-04-03 08:09:56,1.6,26.3,21.9,18.1,-0.1,23.0,20.0,22.0,9,0
2022-04-03 08:15:10,1.7,25.7,21.9,18.0,-0.0,23.0,20.0,21.9,10,0
2022-04-03 08:20:24,1.5,25.1,21.7,18.1,-0.0,23.0,20.0,21.8,11,0
2022-04-03 08:25:39,1.6,24.6,21.5,18.1,0.0,23.0,20.0,21.6,12,0
2022-04-03 08:30:53,1.6,24.4,21.5,18.1,0.1,23.0,20.0,21.5,13,0
